0 0 6 6 8 0.213
0 2 4 6 8 0.1646
2 2 2 6 8 0.1496
0 4 4 4 8 0.1483
0 3 4 6 7 0.077
1 2 4 5 8 0.0734
2 2 4 4 8 0.056
1 2 3 6 8 0.0443
1 1 5 5 8 0.0259
0 3 3 7 7 0.0202
0 2 5 5 8 0.0179
1 2 3 5 9 0.0053
2 2 3 5 8 0.002
0 3 3 6 8 0.0012
4 4 4 4 4 0.0004
2 2 2 5 9 0.0004
1 1 4 6 8 0.0004
2 2 2 7 7 0.0001
0 3 4 5 8 0.0001
3 4 4 4 5 0.0
3 3 4 5 5 0.0
3 3 4 4 6 0.0
3 3 3 5 6 0.0
3 3 3 4 7 0.0
3 3 3 3 8 0.0
2 4 4 5 5 0.0
2 4 4 4 6 0.0
2 3 5 5 5 0.0
2 3 4 5 6 0.0
2 3 4 4 7 0.0
2 3 3 6 6 0.0
2 3 3 5 7 0.0
2 3 3 4 8 0.0
2 3 3 3 9 0.0
2 2 5 5 6 0.0
2 2 4 6 6 0.0
2 2 4 5 7 0.0
2 2 3 6 7 0.0
2 2 3 4 9 0.0
2 2 3 3 10 0.0
2 2 2 4 10 0.0
2 2 2 3 11 0.0
2 2 2 2 12 0.0
1 4 5 5 5 0.0
1 4 4 5 6 0.0
1 4 4 4 7 0.0
1 3 5 5 6 0.0
1 3 4 6 6 0.0
1 3 4 5 7 0.0
1 3 4 4 8 0.0
1 3 3 6 7 0.0
1 3 3 5 8 0.0
1 3 3 4 9 0.0
1 3 3 3 10 0.0
1 2 5 6 6 0.0
1 2 5 5 7 0.0
1 2 4 6 7 0.0
1 2 4 4 9 0.0
1 2 3 7 7 0.0
1 2 3 4 10 0.0
1 2 3 3 11 0.0
1 2 2 7 8 0.0
1 2 2 6 9 0.0
1 2 2 5 10 0.0
1 2 2 4 11 0.0
1 2 2 3 12 0.0
1 2 2 2 13 -0.0
1 1 6 6 6 0.0
1 1 5 6 7 0.0
1 1 4 7 7 0.0
1 1 4 5 9 0.0
1 1 4 4 10 0.0
1 1 3 7 8 0.0
1 1 3 6 9 0.0
1 1 3 5 10 0.0
1 1 3 4 11 0.0
1 1 3 3 12 -0.0
1 1 2 8 8 0.0
1 1 2 7 9 0.0
1 1 2 6 10 0.0
1 1 2 5 11 0.0
1 1 2 4 12 -0.0
1 1 2 3 13 -0.0
1 1 2 2 14 -0.0
1 1 1 8 9 0.0
1 1 1 7 10 0.0
1 1 1 6 11 0.0
1 1 1 5 12 0.0
1 1 1 4 13 -0.0
1 1 1 3 14 -0.0
1 1 1 2 15 -0.0
1 1 1 1 16 -0.0
0 5 5 5 5 0.0
0 4 5 5 6 0.0
0 4 4 6 6 0.0
0 4 4 5 7 0.0
0 3 5 6 6 0.0
0 3 5 5 7 0.0
0 3 4 4 9 0.0
0 3 3 5 9 0.0
0 3 3 4 10 0.0
0 3 3 3 11 0.0
0 2 6 6 6 0.0
0 2 5 6 7 0.0
0 2 4 7 7 0.0
0 2 4 5 9 0.0
0 2 4 4 10 0.0
0 2 3 7 8 0.0
0 2 3 6 9 0.0
0 2 3 5 10 0.0
0 2 3 4 11 0.0
0 2 3 3 12 0.0
0 2 2 8 8 0.0
0 2 2 7 9 0.0
0 2 2 6 10 0.0
0 2 2 5 11 0.0
0 2 2 4 12 0.0
0 2 2 3 13 -0.0
0 2 2 2 14 -0.0
0 1 6 6 7 0.0
0 1 5 7 7 0.0
0 1 5 6 8 0.0
0 1 5 5 9 0.0
0 1 4 7 8 0.0
0 1 4 6 9 0.0
0 1 4 5 10 0.0
0 1 4 4 11 0.0
0 1 3 8 8 0.0
0 1 3 7 9 0.0
0 1 3 6 10 0.0
0 1 3 5 11 0.0
0 1 3 4 12 0.0
0 1 3 3 13 0.0
0 1 2 8 9 0.0
0 1 2 7 10 0.0
0 1 2 6 11 0.0
0 1 2 5 12 0.0
0 1 2 4 13 -0.0
0 1 2 3 14 -0.0
0 1 2 2 15 -0.0
0 1 1 9 9 0.0
0 1 1 8 10 0.0
0 1 1 7 11 0.0
0 1 1 6 12 0.0
0 1 1 5 13 0.0
0 1 1 4 14 -0.0
0 1 1 3 15 -0.0
0 1 1 2 16 -0.0
0 1 1 1 17 -0.0
0 0 6 7 7 0.0
0 0 5 7 8 0.0
0 0 5 6 9 0.0
0 0 5 5 10 0.0
0 0 4 8 8 0.0
0 0 4 7 9 0.0
0 0 4 6 10 0.0
0 0 4 5 11 0.0
0 0 4 4 12 0.0
0 0 3 8 9 0.0
0 0 3 7 10 0.0
0 0 3 6 11 0.0
0 0 3 5 12 0.0
0 0 3 4 13 0.0
0 0 3 3 14 0.0
0 0 2 9 9 0.0
0 0 2 8 10 0.0
0 0 2 7 11 0.0
0 0 2 6 12 0.0
0 0 2 5 13 0.0
0 0 2 4 14 0.0
0 0 2 3 15 -0.0
0 0 2 2 16 -0.0
0 0 1 9 10 0.0
0 0 1 8 11 0.0
0 0 1 7 12 0.0
0 0 1 6 13 0.0
0 0 1 5 14 0.0
0 0 1 4 15 0.0
0 0 1 3 16 -0.0
0 0 1 2 17 -0.0
0 0 1 1 18 -0.0
0 0 0 10 10 0.0
0 0 0 9 11 0.0
0 0 0 8 12 0.0
0 0 0 7 13 0.0
0 0 0 6 14 0.0
0 0 0 5 15 0.0
0 0 0 4 16 0.0
0 0 0 3 17 -0.0
0 0 0 2 18 -0.0
0 0 0 1 19 -0.0
0 0 0 0 20 -0.0