1 4 4 6 10 0.1525
0 0 7 8 10 0.136
0 3 6 8 8 0.0988
2 2 5 6 10 0.0886
2 2 4 7 10 0.0652
0 4 5 6 10 0.06
0 0 6 9 10 0.0511
1 3 3 9 9 0.0498
2 2 5 8 8 0.0488
1 2 6 8 8 0.0329
2 4 4 5 10 0.0323
1 2 6 6 10 0.0306
0 4 6 7 8 0.0295
2 3 4 8 8 0.0285
2 2 3 8 10 0.0196
1 2 4 9 9 0.0185
2 3 4 6 10 0.0173
0 5 6 6 8 0.0139
0 4 5 8 8 0.0099
0 4 6 6 9 0.0046
0 5 5 7 8 0.0031
3 4 4 4 10 0.0022
4 4 4 4 9 0.0019
1 4 5 5 10 0.0017
2 2 3 9 9 0.001
0 3 6 6 10 0.0007
3 3 4 5 10 0.0006
5 5 5 5 5 -0.0
4 5 5 5 6 0.0
4 4 5 6 6 0.0
4 4 5 5 7 0.0
4 4 4 6 7 0.0
4 4 4 5 8 0.0
3 5 5 6 6 0.0
3 5 5 5 7 0.0
3 4 6 6 6 0.0
3 4 5 6 7 0.0
3 4 5 5 8 0.0
3 4 4 7 7 0.0
3 4 4 6 8 0.0
3 4 4 5 9 0.0
3 3 6 6 7 0.0
3 3 5 7 7 0.0
3 3 5 6 8 0.0
3 3 5 5 9 0.0
3 3 4 7 8 0.0
3 3 4 6 9 0.0
3 3 4 4 11 0.0
3 3 3 8 8 0.0
3 3 3 7 9 0.0
3 3 3 6 10 0.0
3 3 3 5 11 0.0
3 3 3 4 12 -0.0
3 3 3 3 13 0.0
2 5 6 6 6 0.0
2 5 5 6 7 0.0
2 5 5 5 8 0.0
2 4 6 6 7 0.0
2 4 5 7 7 0.0
2 4 5 6 8 0.0
2 4 5 5 9 0.0
2 4 4 7 8 0.0
2 4 4 6 9 0.0
2 4 4 4 11 0.0
2 3 6 7 7 0.0
2 3 6 6 8 0.0
2 3 5 7 8 0.0
2 3 5 6 9 0.0
2 3 5 5 10 0.0
2 3 4 7 9 0.0
2 3 4 5 11 0.0
2 3 4 4 12 -0.0
2 3 3 8 9 0.0
2 3 3 7 10 0.0
2 3 3 6 11 0.0
2 3 3 5 12 -0.0
2 3 3 4 13 0.0
2 3 3 3 14 0.0
2 2 7 7 7 0.0
2 2 6 7 8 0.0
2 2 6 6 9 0.0
2 2 5 7 9 0.0
2 2 5 5 11 0.0
2 2 4 8 9 0.0
2 2 4 6 11 0.0
2 2 4 5 12 -0.0
2 2 4 4 13 -0.0
2 2 3 7 11 0.0
2 2 3 6 12 -0.0
2 2 3 5 13 -0.0
2 2 3 4 14 0.0
2 2 3 3 15 0.0
2 2 2 9 10 0.0
2 2 2 8 11 0.0
2 2 2 7 12 -0.0
2 2 2 6 13 -0.0
2 2 2 5 14 -0.0
2 2 2 4 15 -0.0
2 2 2 3 16 -0.0
2 2 2 2 17 -0.0
1 6 6 6 6 0.0
1 5 6 6 7 0.0
1 5 5 7 7 0.0
1 5 5 6 8 0.0
1 5 5 5 9 0.0
1 4 6 7 7 0.0
1 4 6 6 8 0.0
1 4 5 7 8 0.0
1 4 5 6 9 0.0
1 4 4 8 8 0.0
1 4 4 7 9 0.0
1 4 4 5 11 0.0
1 4 4 4 12 0.0
1 3 7 7 7 0.0
1 3 6 7 8 0.0
1 3 6 6 9 0.0
1 3 5 8 8 0.0
1 3 5 7 9 0.0
1 3 5 6 10 0.0
1 3 5 5 11 0.0
1 3 4 8 9 0.0
1 3 4 7 10 0.0
1 3 4 6 11 0.0
1 3 4 5 12 -0.0
1 3 4 4 13 0.0
1 3 3 8 10 0.0
1 3 3 7 11 0.0
1 3 3 6 12 -0.0
1 3 3 5 13 -0.0
1 3 3 4 14 0.0
1 3 3 3 15 0.0
1 2 7 7 8 0.0
1 2 6 7 9 0.0
1 2 5 8 9 0.0
1 2 5 7 10 0.0
1 2 5 6 11 0.0
1 2 5 5 12 -0.0
1 2 4 8 10 0.0
1 2 4 7 11 0.0
1 2 4 6 12 -0.0
1 2 4 5 13 -0.0
1 2 4 4 14 -0.0
1 2 3 9 10 0.0
1 2 3 8 11 0.0
1 2 3 7 12 -0.0
1 2 3 6 13 -0.0
1 2 3 5 14 -0.0
1 2 3 4 15 -0.0
1 2 3 3 16 -0.0
1 2 2 10 10 0.0
1 2 2 9 11 0.0
1 2 2 8 12 0.0
1 2 2 7 13 -0.0
1 2 2 6 14 -0.0
1 2 2 5 15 -0.0
1 2 2 4 16 -0.0
1 2 2 3 17 -0.0
1 2 2 2 18 -0.0
1 1 7 8 8 0.0
1 1 7 7 9 0.0
1 1 6 8 9 0.0
1 1 6 7 10 0.0
1 1 6 6 11 0.0
1 1 5 9 9 0.0
1 1 5 8 10 0.0
1 1 5 7 11 0.0
1 1 5 6 12 -0.0
1 1 5 5 13 -0.0
1 1 4 9 10 0.0
1 1 4 8 11 0.0
1 1 4 7 12 -0.0
1 1 4 6 13 -0.0
1 1 4 5 14 -0.0
1 1 4 4 15 -0.0
1 1 3 10 10 0.0
1 1 3 9 11 0.0
1 1 3 8 12 0.0
1 1 3 7 13 -0.0
1 1 3 6 14 -0.0
1 1 3 5 15 -0.0
1 1 3 4 16 -0.0
1 1 3 3 17 -0.0
1 1 2 10 11 0.0
1 1 2 9 12 0.0
1 1 2 8 13 0.0
1 1 2 7 14 0.0
1 1 2 6 15 -0.0
1 1 2 5 16 -0.0
1 1 2 4 17 -0.0
1 1 2 3 18 -0.0
1 1 2 2 19 -0.0
1 1 1 11 11 0.0
1 1 1 10 12 0.0
1 1 1 9 13 0.0
1 1 1 8 14 0.0
1 1 1 7 15 0.0
1 1 1 6 16 -0.0
1 1 1 5 17 -0.0
1 1 1 4 18 -0.0
1 1 1 3 19 -0.0
1 1 1 2 20 -0.0
1 1 1 1 21 -0.0
0 6 6 6 7 0.0
0 5 6 7 7 0.0
0 5 5 6 9 0.0
0 5 5 5 10 0.0
0 4 7 7 7 0.0
0 4 5 7 9 0.0
0 4 5 5 11 0.0
0 4 4 8 9 0.0
0 4 4 7 10 0.0
0 4 4 6 11 0.0
0 4 4 5 12 0.0
0 4 4 4 13 0.0
0 3 7 7 8 0.0
0 3 6 7 9 0.0
0 3 5 8 9 0.0
0 3 5 7 10 0.0
0 3 5 6 11 0.0
0 3 5 5 12 0.0
0 3 4 9 9 0.0
0 3 4 8 10 0.0
0 3 4 7 11 0.0
0 3 4 6 12 -0.0
0 3 4 5 13 0.0
0 3 4 4 14 0.0
0 3 3 9 10 0.0
0 3 3 8 11 0.0
0 3 3 7 12 -0.0
0 3 3 6 13 -0.0
0 3 3 5 14 -0.0
0 3 3 4 15 0.0
0 3 3 3 16 0.0
0 2 7 8 8 0.0
0 2 7 7 9 0.0
0 2 6 8 9 0.0
0 2 6 7 10 0.0
0 2 6 6 11 0.0
0 2 5 9 9 0.0
0 2 5 8 10 0.0
0 2 5 7 11 0.0
0 2 5 6 12 0.0
0 2 5 5 13 0.0
0 2 4 9 10 0.0
0 2 4 8 11 0.0
0 2 4 7 12 -0.0
0 2 4 6 13 0.0
0 2 4 5 14 0.0
0 2 4 4 15 0.0
0 2 3 10 10 0.0
0 2 3 9 11 0.0
0 2 3 8 12 0.0
0 2 3 7 13 -0.0
0 2 3 6 14 -0.0
0 2 3 5 15 -0.0
0 2 3 4 16 0.0
0 2 3 3 17 0.0
0 2 2 10 11 0.0
0 2 2 9 12 0.0
0 2 2 8 13 0.0
0 2 2 7 14 0.0
0 2 2 6 15 0.0
0 2 2 5 16 -0.0
0 2 2 4 17 -0.0
0 2 2 3 18 -0.0
0 2 2 2 19 -0.0
0 1 8 8 8 0.0
0 1 7 8 9 0.0
0 1 7 7 10 0.0
0 1 6 9 9 0.0
0 1 6 8 10 0.0
0 1 6 7 11 0.0
0 1 6 6 12 -0.0
0 1 5 9 10 0.0
0 1 5 8 11 0.0
0 1 5 7 12 -0.0
0 1 5 6 13 -0.0
0 1 5 5 14 0.0
0 1 4 10 10 0.0
0 1 4 9 11 0.0
0 1 4 8 12 -0.0
0 1 4 7 13 -0.0
0 1 4 6 14 -0.0
0 1 4 5 15 -0.0
0 1 4 4 16 0.0
0 1 3 10 11 0.0
0 1 3 9 12 0.0
0 1 3 8 13 0.0
0 1 3 7 14 -0.0
0 1 3 6 15 -0.0
0 1 3 5 16 -0.0
0 1 3 4 17 0.0
0 1 3 3 18 -0.0
0 1 2 11 11 0.0
0 1 2 10 12 0.0
0 1 2 9 13 0.0
0 1 2 8 14 0.0
0 1 2 7 15 0.0
0 1 2 6 16 -0.0
0 1 2 5 17 -0.0
0 1 2 4 18 -0.0
0 1 2 3 19 -0.0
0 1 2 2 20 -0.0
0 1 1 11 12 0.0
0 1 1 10 13 0.0
0 1 1 9 14 0.0
0 1 1 8 15 0.0
0 1 1 7 16 0.0
0 1 1 6 17 -0.0
0 1 1 5 18 -0.0
0 1 1 4 19 -0.0
0 1 1 3 20 -0.0
0 1 1 2 21 -0.0
0 1 1 1 22 -0.0
0 0 8 8 9 0.0
0 0 7 9 9 0.0
0 0 7 7 11 0.0
0 0 6 8 11 0.0
0 0 6 7 12 -0.0
0 0 6 6 13 -0.0
0 0 5 10 10 0.0
0 0 5 9 11 0.0
0 0 5 8 12 0.0
0 0 5 7 13 -0.0
0 0 5 6 14 0.0
0 0 5 5 15 0.0
0 0 4 10 11 -0.0
0 0 4 9 12 0.0
0 0 4 8 13 0.0
0 0 4 7 14 -0.0
0 0 4 6 15 0.0
0 0 4 5 16 0.0
0 0 4 4 17 0.0
0 0 3 11 11 0.0
0 0 3 10 12 0.0
0 0 3 9 13 0.0
0 0 3 8 14 0.0
0 0 3 7 15 0.0
0 0 3 6 16 0.0
0 0 3 5 17 -0.0
0 0 3 4 18 0.0
0 0 3 3 19 0.0
0 0 2 11 12 0.0
0 0 2 10 13 0.0
0 0 2 9 14 0.0
0 0 2 8 15 0.0
0 0 2 7 16 0.0
0 0 2 6 17 0.0
0 0 2 5 18 -0.0
0 0 2 4 19 0.0
0 0 2 3 20 -0.0
0 0 2 2 21 -0.0
0 0 1 12 12 0.0
0 0 1 11 13 0.0
0 0 1 10 14 0.0
0 0 1 9 15 0.0
0 0 1 8 16 0.0
0 0 1 7 17 0.0
0 0 1 6 18 0.0
0 0 1 5 19 -0.0
0 0 1 4 20 0.0
0 0 1 3 21 -0.0
0 0 1 2 22 -0.0
0 0 1 1 23 -0.0
0 0 0 12 13 0.0
0 0 0 11 14 0.0
0 0 0 10 15 0.0
0 0 0 9 16 0.0
0 0 0 8 17 0.0
0 0 0 7 18 0.0
0 0 0 6 19 0.0
0 0 0 5 20 0.0
0 0 0 4 21 0.0
0 0 0 3 22 0.0
0 0 0 2 23 -0.0
0 0 0 1 24 -0.0
0 0 0 0 25 0.0