0 0 8 10 12 0.1414
2 2 6 8 12 0.1231
2 4 4 8 12 0.0783
0 4 6 10 10 0.0617
2 2 6 10 10 0.0537
2 4 4 10 10 0.0421
0 4 7 7 12 0.0389
1 3 4 11 11 0.0341
0 4 8 9 9 0.03
1 4 6 7 12 0.0291
1 5 6 6 12 0.0265
1 5 5 7 12 0.0255
0 6 6 6 12 0.0236
2 3 5 10 10 0.0209
3 3 4 8 12 0.02
0 6 8 8 8 0.0196
0 5 6 8 11 0.0192
0 5 6 7 12 0.0172
2 4 6 6 12 0.016
0 0 8 9 13 0.0148
1 3 7 7 12 0.0145
1 2 9 9 9 0.0138
1 3 6 10 10 0.0136
1 3 8 9 9 0.0132
1 3 8 8 10 0.0131
3 3 6 6 12 0.0118
4 4 4 6 12 0.0117
1 2 5 11 11 0.0076
4 4 4 8 10 0.0069
0 6 6 9 9 0.0066
4 4 5 5 12 0.0054
0 0 10 10 10 0.005
2 3 3 11 11 0.0049
2 3 5 8 12 0.0043
0 6 6 7 11 0.0043
0 5 8 8 9 0.0042
1 4 4 10 11 0.003
5 5 5 5 10 0.0028
4 5 5 6 10 0.0023
3 3 4 10 10 0.0018
3 5 5 5 12 0.0016
0 4 6 8 12 0.0016
4 5 5 5 11 0.0015
2 2 8 8 10 0.0014
2 2 7 7 12 0.001
2 2 5 10 11 0.001
0 0 7 11 12 0.001
1 4 5 8 12 0.0009
1 3 6 8 12 0.0009
0 5 6 9 10 0.0005
5 5 6 7 7 0.0003
4 4 6 6 10 0.0003
3 4 5 6 12 0.0002
2 5 5 6 12 0.0002
2 3 6 7 12 0.0002
0 4 8 8 10 0.0002
0 3 9 9 9 0.0002
2 2 8 9 9 0.0001
0 6 6 8 10 0.0001
6 6 6 6 6 0.0
5 6 6 6 7 0.0
5 5 6 6 8 0.0
5 5 5 7 8 0.0
5 5 5 6 9 0.0
4 6 6 7 7 0.0
4 6 6 6 8 0.0
4 5 7 7 7 0.0
4 5 6 7 8 0.0
4 5 6 6 9 0.0
4 5 5 8 8 0.0
4 5 5 7 9 0.0
4 4 7 7 8 0.0
4 4 6 8 8 0.0
4 4 6 7 9 0.0
4 4 5 8 9 0.0
4 4 5 7 10 0.0
4 4 5 6 11 0.0
4 4 4 9 9 0.0
4 4 4 7 11 0.0
4 4 4 5 13 0.0
4 4 4 4 14 0.0
3 6 7 7 7 0.0
3 6 6 7 8 0.0
3 6 6 6 9 0.0
3 5 7 7 8 0.0
3 5 6 8 8 0.0
3 5 6 7 9 0.0
3 5 6 6 10 0.0
3 5 5 8 9 0.0
3 5 5 7 10 0.0
3 5 5 6 11 0.0
3 4 7 8 8 0.0
3 4 7 7 9 0.0
3 4 6 8 9 0.0
3 4 6 7 10 0.0
3 4 6 6 11 0.0
3 4 5 9 9 0.0
3 4 5 8 10 0.0
3 4 5 7 11 0.0
3 4 5 5 13 0.0
3 4 4 9 10 0.0
3 4 4 8 11 0.0
3 4 4 7 12 0.0
3 4 4 6 13 0.0
3 4 4 5 14 0.0
3 4 4 4 15 0.0
3 3 8 8 8 0.0
3 3 7 8 9 0.0
3 3 7 7 10 0.0
3 3 6 9 9 0.0
3 3 6 8 10 0.0
3 3 6 7 11 0.0
3 3 5 9 10 0.0
3 3 5 8 11 0.0
3 3 5 7 12 0.0
3 3 5 6 13 0.0
3 3 5 5 14 0.0
3 3 4 9 11 0.0
3 3 4 7 13 0.0
3 3 4 6 14 0.0
3 3 4 5 15 0.0
3 3 4 4 16 0.0
3 3 3 10 11 0.0
3 3 3 9 12 0.0
3 3 3 8 13 0.0
3 3 3 7 14 0.0
3 3 3 6 15 0.0
3 3 3 5 16 0.0
3 3 3 4 17 0.0
3 3 3 3 18 0.0
2 7 7 7 7 0.0
2 6 7 7 8 0.0
2 6 6 8 8 0.0
2 6 6 7 9 0.0
2 6 6 6 10 0.0
2 5 7 8 8 0.0
2 5 7 7 9 0.0
2 5 6 8 9 0.0
2 5 6 7 10 0.0
2 5 6 6 11 0.0
2 5 5 9 9 0.0
2 5 5 8 10 0.0
2 5 5 7 11 0.0
2 5 5 5 13 0.0
2 4 8 8 8 0.0
2 4 7 8 9 0.0
2 4 7 7 10 0.0
2 4 6 9 9 0.0
2 4 6 8 10 0.0
2 4 6 7 11 0.0
2 4 5 9 10 0.0
2 4 5 8 11 0.0
2 4 5 7 12 0.0
2 4 5 6 13 0.0
2 4 5 5 14 0.0
2 4 4 9 11 0.0
2 4 4 7 13 0.0
2 4 4 6 14 0.0
2 4 4 5 15 0.0
2 4 4 4 16 0.0
2 3 8 8 9 0.0
2 3 7 9 9 0.0
2 3 7 8 10 0.0
2 3 7 7 11 0.0
2 3 6 9 10 0.0
2 3 6 8 11 0.0
2 3 6 6 13 0.0
2 3 5 9 11 0.0
2 3 5 7 13 0.0
2 3 5 6 14 0.0
2 3 5 5 15 0.0
2 3 4 10 11 0.0
2 3 4 9 12 0.0
2 3 4 8 13 0.0
2 3 4 7 14 0.0
2 3 4 6 15 0.0
2 3 4 5 16 0.0
2 3 4 4 17 0.0
2 3 3 10 12 0.0
2 3 3 9 13 0.0
2 3 3 8 14 0.0
2 3 3 7 15 0.0
2 3 3 6 16 0.0
2 3 3 5 17 0.0
2 3 3 4 18 0.0
2 3 3 3 19 0.0
2 2 7 9 10 0.0
2 2 7 8 11 0.0
2 2 6 9 11 0.0
2 2 6 7 13 0.0
2 2 6 6 14 0.0
2 2 5 9 12 0.0
2 2 5 8 13 0.0
2 2 5 7 14 0.0
2 2 5 6 15 0.0
2 2 5 5 16 -0.0
2 2 4 11 11 0.0
2 2 4 10 12 0.0
2 2 4 9 13 0.0
2 2 4 8 14 0.0
2 2 4 7 15 0.0
2 2 4 6 16 -0.0
2 2 4 5 17 -0.0
2 2 4 4 18 0.0
2 2 3 11 12 0.0
2 2 3 10 13 0.0
2 2 3 9 14 0.0
2 2 3 8 15 0.0
2 2 3 7 16 0.0
2 2 3 6 17 0.0
2 2 3 5 18 -0.0
2 2 3 4 19 0.0
2 2 3 3 20 0.0
2 2 2 12 12 -0.0
2 2 2 11 13 -0.0
2 2 2 10 14 0.0
2 2 2 9 15 0.0
2 2 2 8 16 0.0
2 2 2 7 17 0.0
2 2 2 6 18 -0.0
2 2 2 5 19 -0.0
2 2 2 4 20 -0.0
2 2 2 3 21 0.0
2 2 2 2 22 0.0
1 7 7 7 8 0.0
1 6 7 8 8 0.0
1 6 7 7 9 0.0
1 6 6 8 9 0.0
1 6 6 7 10 0.0
1 6 6 6 11 0.0
1 5 8 8 8 0.0
1 5 7 8 9 0.0
1 5 7 7 10 0.0
1 5 6 9 9 0.0
1 5 6 8 10 0.0
1 5 6 7 11 0.0
1 5 5 9 10 0.0
1 5 5 8 11 0.0
1 5 5 6 13 0.0
1 5 5 5 14 0.0
1 4 8 8 9 0.0
1 4 7 9 9 0.0
1 4 7 8 10 0.0
1 4 7 7 11 0.0
1 4 6 9 10 0.0
1 4 6 8 11 0.0
1 4 6 6 13 0.0
1 4 5 10 10 0.0
1 4 5 9 11 0.0
1 4 5 7 13 0.0
1 4 5 6 14 0.0
1 4 5 5 15 0.0
1 4 4 9 12 0.0
1 4 4 8 13 0.0
1 4 4 7 14 0.0
1 4 4 6 15 0.0
1 4 4 5 16 0.0
1 4 4 4 17 0.0
1 3 7 9 10 0.0
1 3 7 8 11 0.0
1 3 6 9 11 0.0
1 3 6 7 13 0.0
1 3 6 6 14 0.0
1 3 5 10 11 0.0
1 3 5 9 12 0.0
1 3 5 8 13 0.0
1 3 5 7 14 0.0
1 3 5 6 15 0.0
1 3 5 5 16 0.0
1 3 4 10 12 0.0
1 3 4 9 13 0.0
1 3 4 8 14 0.0
1 3 4 7 15 0.0
1 3 4 6 16 0.0
1 3 4 5 17 0.0
1 3 4 4 18 0.0
1 3 3 11 12 0.0
1 3 3 10 13 0.0
1 3 3 9 14 0.0
1 3 3 8 15 0.0
1 3 3 7 16 0.0
1 3 3 6 17 0.0
1 3 3 5 18 -0.0
1 3 3 4 19 0.0
1 3 3 3 20 0.0
1 2 8 9 10 0.0
1 2 8 8 11 0.0
1 2 7 10 10 0.0
1 2 7 9 11 0.0
1 2 7 8 12 0.0
1 2 7 7 13 0.0
1 2 6 10 11 0.0
1 2 6 9 12 0.0
1 2 6 8 13 0.0
1 2 6 7 14 0.0
1 2 6 6 15 0.0
1 2 5 10 12 0.0
1 2 5 9 13 0.0
1 2 5 8 14 0.0
1 2 5 7 15 0.0
1 2 5 6 16 -0.0
1 2 5 5 17 -0.0
1 2 4 11 12 0.0
1 2 4 10 13 0.0
1 2 4 9 14 0.0
1 2 4 8 15 0.0
1 2 4 7 16 -0.0
1 2 4 6 17 -0.0
1 2 4 5 18 -0.0
1 2 4 4 19 -0.0
1 2 3 12 12 0.0
1 2 3 11 13 0.0
1 2 3 10 14 0.0
1 2 3 9 15 0.0
1 2 3 8 16 0.0
1 2 3 7 17 0.0
1 2 3 6 18 -0.0
1 2 3 5 19 -0.0
1 2 3 4 20 -0.0
1 2 3 3 21 0.0
1 2 2 12 13 0.0
1 2 2 11 14 0.0
1 2 2 10 15 0.0
1 2 2 9 16 0.0
1 2 2 8 17 0.0
1 2 2 7 18 0.0
1 2 2 6 19 -0.0
1 2 2 5 20 -0.0
1 2 2 4 21 -0.0
1 2 2 3 22 -0.0
1 2 2 2 23 -0.0
1 1 9 9 10 0.0
1 1 8 10 10 0.0
1 1 8 9 11 0.0
1 1 8 8 12 0.0
1 1 7 10 11 0.0
1 1 7 9 12 0.0
1 1 7 8 13 0.0
1 1 7 7 14 0.0
1 1 6 11 11 0.0
1 1 6 10 12 0.0
1 1 6 9 13 0.0
1 1 6 8 14 0.0
1 1 6 7 15 0.0
1 1 6 6 16 0.0
1 1 5 11 12 0.0
1 1 5 10 13 0.0
1 1 5 9 14 0.0
1 1 5 8 15 0.0
1 1 5 7 16 0.0
1 1 5 6 17 0.0
1 1 5 5 18 -0.0
1 1 4 12 12 0.0
1 1 4 11 13 0.0
1 1 4 10 14 0.0
1 1 4 9 15 0.0
1 1 4 8 16 0.0
1 1 4 7 17 -0.0
1 1 4 6 18 -0.0
1 1 4 5 19 -0.0
1 1 4 4 20 -0.0
1 1 3 12 13 0.0
1 1 3 11 14 0.0
1 1 3 10 15 0.0
1 1 3 9 16 0.0
1 1 3 8 17 0.0
1 1 3 7 18 0.0
1 1 3 6 19 -0.0
1 1 3 5 20 -0.0
1 1 3 4 21 -0.0
1 1 3 3 22 -0.0
1 1 2 13 13 0.0
1 1 2 12 14 0.0
1 1 2 11 15 0.0
1 1 2 10 16 0.0
1 1 2 9 17 0.0
1 1 2 8 18 0.0
1 1 2 7 19 0.0
1 1 2 6 20 -0.0
1 1 2 5 21 -0.0
1 1 2 4 22 -0.0
1 1 2 3 23 -0.0
1 1 2 2 24 -0.0
1 1 1 13 14 0.0
1 1 1 12 15 0.0
1 1 1 11 16 0.0
1 1 1 10 17 0.0
1 1 1 9 18 0.0
1 1 1 8 19 0.0
1 1 1 7 20 0.0
1 1 1 6 21 -0.0
1 1 1 5 22 -0.0
1 1 1 4 23 -0.0
1 1 1 3 24 -0.0
1 1 1 2 25 -0.0
1 1 1 1 26 -0.0
0 7 7 8 8 0.0
0 7 7 7 9 0.0
0 6 7 8 9 0.0
0 6 7 7 10 0.0
0 5 7 9 9 0.0
0 5 7 8 10 0.0
0 5 7 7 11 0.0
0 5 6 6 13 0.0
0 5 5 10 10 0.0
0 5 5 9 11 0.0
0 5 5 8 12 0.0
0 5 5 7 13 0.0
0 5 5 6 14 0.0
0 5 5 5 15 0.0
0 4 7 9 10 0.0
0 4 7 8 11 0.0
0 4 6 9 11 0.0
0 4 6 7 13 0.0
0 4 6 6 14 0.0
0 4 5 10 11 0.0
0 4 5 9 12 0.0
0 4 5 8 13 0.0
0 4 5 7 14 0.0
0 4 5 6 15 0.0
0 4 5 5 16 0.0
0 4 4 11 11 0.0
0 4 4 10 12 0.0
0 4 4 9 13 0.0
0 4 4 8 14 0.0
0 4 4 7 15 0.0
0 4 4 6 16 0.0
0 4 4 5 17 0.0
0 4 4 4 18 0.0
0 3 8 9 10 0.0
0 3 8 8 11 0.0
0 3 7 10 10 0.0
0 3 7 9 11 0.0
0 3 7 8 12 0.0
0 3 7 7 13 0.0
0 3 6 10 11 0.0
0 3 6 9 12 0.0
0 3 6 8 13 0.0
0 3 6 7 14 0.0
0 3 6 6 15 0.0
0 3 5 11 11 0.0
0 3 5 10 12 0.0
0 3 5 9 13 0.0
0 3 5 8 14 0.0
0 3 5 7 15 0.0
0 3 5 6 16 0.0
0 3 5 5 17 0.0
0 3 4 11 12 0.0
0 3 4 10 13 0.0
0 3 4 9 14 0.0
0 3 4 8 15 0.0
0 3 4 7 16 0.0
0 3 4 6 17 -0.0
0 3 4 5 18 -0.0
0 3 4 4 19 -0.0
0 3 3 12 12 0.0
0 3 3 11 13 0.0
0 3 3 10 14 0.0
0 3 3 9 15 0.0
0 3 3 8 16 0.0
0 3 3 7 17 0.0
0 3 3 6 18 -0.0
0 3 3 5 19 -0.0
0 3 3 4 20 -0.0
0 3 3 3 21 0.0
0 2 9 9 10 0.0
0 2 8 10 10 0.0
0 2 8 9 11 0.0
0 2 8 8 12 0.0
0 2 7 10 11 0.0
0 2 7 9 12 0.0
0 2 7 8 13 0.0
0 2 7 7 14 0.0
0 2 6 11 11 0.0
0 2 6 10 12 0.0
0 2 6 9 13 0.0
0 2 6 8 14 0.0
0 2 6 7 15 0.0
0 2 6 6 16 0.0
0 2 5 11 12 0.0
0 2 5 10 13 0.0
0 2 5 9 14 0.0
0 2 5 8 15 0.0
0 2 5 7 16 0.0
0 2 5 6 17 -0.0
0 2 5 5 18 -0.0
0 2 4 12 12 0.0
0 2 4 11 13 0.0
0 2 4 10 14 0.0
0 2 4 9 15 0.0
0 2 4 8 16 0.0
0 2 4 7 17 -0.0
0 2 4 6 18 -0.0
0 2 4 5 19 -0.0
0 2 4 4 20 -0.0
0 2 3 12 13 0.0
0 2 3 11 14 0.0
0 2 3 10 15 0.0
0 2 3 9 16 0.0
0 2 3 8 17 0.0
0 2 3 7 18 0.0
0 2 3 6 19 -0.0
0 2 3 5 20 -0.0
0 2 3 4 21 -0.0
0 2 3 3 22 0.0
0 2 2 13 13 0.0
0 2 2 12 14 0.0
0 2 2 11 15 -0.0
0 2 2 10 16 0.0
0 2 2 9 17 0.0
0 2 2 8 18 0.0
0 2 2 7 19 0.0
0 2 2 6 20 -0.0
0 2 2 5 21 -0.0
0 2 2 4 22 -0.0
0 2 2 3 23 -0.0
0 2 2 2 24 -0.0
0 1 9 10 10 0.0
0 1 9 9 11 0.0
0 1 8 10 11 0.0
0 1 8 9 12 0.0
0 1 8 8 13 0.0
0 1 7 11 11 0.0
0 1 7 10 12 0.0
0 1 7 9 13 0.0
0 1 7 8 14 0.0
0 1 7 7 15 0.0
0 1 6 11 12 0.0
0 1 6 10 13 0.0
0 1 6 9 14 0.0
0 1 6 8 15 0.0
0 1 6 7 16 0.0
0 1 6 6 17 0.0
0 1 5 12 12 0.0
0 1 5 11 13 0.0
0 1 5 10 14 0.0
0 1 5 9 15 0.0
0 1 5 8 16 0.0
0 1 5 7 17 0.0
0 1 5 6 18 0.0
0 1 5 5 19 -0.0
0 1 4 12 13 0.0
0 1 4 11 14 0.0
0 1 4 10 15 0.0
0 1 4 9 16 0.0
0 1 4 8 17 0.0
0 1 4 7 18 -0.0
0 1 4 6 19 -0.0
0 1 4 5 20 -0.0
0 1 4 4 21 -0.0
0 1 3 13 13 0.0
0 1 3 12 14 0.0
0 1 3 11 15 0.0
0 1 3 10 16 0.0
0 1 3 9 17 0.0
0 1 3 8 18 0.0
0 1 3 7 19 -0.0
0 1 3 6 20 -0.0
0 1 3 5 21 -0.0
0 1 3 4 22 -0.0
0 1 3 3 23 -0.0
0 1 2 13 14 0.0
0 1 2 12 15 0.0
0 1 2 11 16 0.0
0 1 2 10 17 0.0
0 1 2 9 18 0.0
0 1 2 8 19 0.0
0 1 2 7 20 0.0
0 1 2 6 21 -0.0
0 1 2 5 22 -0.0
0 1 2 4 23 -0.0
0 1 2 3 24 -0.0
0 1 2 2 25 -0.0
0 1 1 14 14 0.0
0 1 1 13 15 0.0
0 1 1 12 16 0.0
0 1 1 11 17 0.0
0 1 1 10 18 0.0
0 1 1 9 19 0.0
0 1 1 8 20 0.0
0 1 1 7 21 0.0
0 1 1 6 22 -0.0
0 1 1 5 23 -0.0
0 1 1 4 24 -0.0
0 1 1 3 25 -0.0
0 1 1 2 26 -0.0
0 1 1 1 27 -0.0
0 0 9 10 11 0.0
0 0 9 9 12 0.0
0 0 8 11 11 0.0
0 0 8 8 14 0.0
0 0 7 10 13 0.0
0 0 7 9 14 0.0
0 0 7 8 15 0.0
0 0 7 7 16 -0.0
0 0 6 12 12 0.0
0 0 6 11 13 0.0
0 0 6 10 14 0.0
0 0 6 9 15 0.0
0 0 6 8 16 0.0
0 0 6 7 17 0.0
0 0 6 6 18 0.0
0 0 5 12 13 0.0
0 0 5 11 14 0.0
0 0 5 10 15 0.0
0 0 5 9 16 0.0
0 0 5 8 17 0.0
0 0 5 7 18 0.0
0 0 5 6 19 0.0
0 0 5 5 20 0.0
0 0 4 13 13 0.0
0 0 4 12 14 0.0
0 0 4 11 15 0.0
0 0 4 10 16 0.0
0 0 4 9 17 0.0
0 0 4 8 18 0.0
0 0 4 7 19 -0.0
0 0 4 6 20 -0.0
0 0 4 5 21 -0.0
0 0 4 4 22 -0.0
0 0 3 13 14 0.0
0 0 3 12 15 0.0
0 0 3 11 16 0.0
0 0 3 10 17 0.0
0 0 3 9 18 0.0
0 0 3 8 19 0.0
0 0 3 7 20 -0.0
0 0 3 6 21 -0.0
0 0 3 5 22 -0.0
0 0 3 4 23 -0.0
0 0 3 3 24 -0.0
0 0 2 14 14 0.0
0 0 2 13 15 0.0
0 0 2 12 16 0.0
0 0 2 11 17 0.0
0 0 2 10 18 0.0
0 0 2 9 19 0.0
0 0 2 8 20 0.0
0 0 2 7 21 -0.0
0 0 2 6 22 -0.0
0 0 2 5 23 -0.0
0 0 2 4 24 -0.0
0 0 2 3 25 -0.0
0 0 2 2 26 -0.0
0 0 1 14 15 0.0
0 0 1 13 16 0.0
0 0 1 12 17 0.0
0 0 1 11 18 0.0
0 0 1 10 19 0.0
0 0 1 9 20 0.0
0 0 1 8 21 0.0
0 0 1 7 22 0.0
0 0 1 6 23 -0.0
0 0 1 5 24 -0.0
0 0 1 4 25 -0.0
0 0 1 3 26 -0.0
0 0 1 2 27 -0.0
0 0 1 1 28 -0.0
0 0 0 15 15 0.0
0 0 0 14 16 0.0
0 0 0 13 17 0.0
0 0 0 12 18 0.0
0 0 0 11 19 0.0
0 0 0 10 20 0.0
0 0 0 9 21 0.0
0 0 0 8 22 0.0
0 0 0 7 23 0.0
0 0 0 6 24 -0.0
0 0 0 5 25 -0.0
0 0 0 4 26 -0.0
0 0 0 3 27 -0.0
0 0 0 2 28 -0.0
0 0 0 1 29 -0.0
0 0 0 0 30 -0.0