2 2 7 10 14 0.0736
1 4 6 12 12 0.0625
0 0 9 12 14 0.0552
0 5 8 10 12 0.0543
0 6 8 8 13 0.0452
3 4 6 8 14 0.0446
1 6 6 8 14 0.0433
2 4 5 10 14 0.0405
0 0 10 11 14 0.0403
0 0 10 10 15 0.0323
2 3 8 8 14 0.0276
1 4 8 8 14 0.0268
4 4 4 9 14 0.0255
2 4 7 8 14 0.0252
0 0 8 13 14 0.0251
0 6 6 11 12 0.0245
2 2 9 10 12 0.0239
2 2 7 12 12 0.0219
0 6 8 10 11 0.0171
2 2 6 12 13 0.0162
5 6 6 6 12 0.0139
4 4 6 6 15 0.0135
4 4 4 11 12 0.013
1 4 6 10 14 0.0128
2 3 10 10 10 0.0125
2 4 8 9 12 0.0122
1 4 10 10 10 0.0121
2 3 6 12 12 0.0115
2 4 8 10 11 0.0113
2 3 5 12 13 0.0113
2 3 4 13 13 0.0107
2 4 7 10 12 0.0098
3 3 8 9 12 0.0097
0 7 7 8 13 0.0093
3 6 6 6 14 0.0092
3 4 4 10 14 0.0092
0 8 9 9 9 0.0086
1 3 10 10 11 0.0083
1 6 7 7 14 0.0081
5 5 5 8 12 0.0074
4 4 6 10 11 0.0066
1 4 5 12 13 0.0064
2 6 6 10 11 0.0062
0 0 11 12 12 0.0052
3 4 7 10 11 0.0048
2 2 8 11 12 0.0046
0 6 9 10 10 0.0046
2 4 4 12 13 0.0039
5 5 5 5 15 0.0025
3 4 5 11 12 0.0021
1 5 5 12 12 0.0019
0 5 8 8 14 0.0019
2 3 6 11 13 0.0016
3 4 4 11 13 0.0015
2 4 4 11 14 0.0014
5 5 7 7 11 0.0012
2 3 6 10 14 0.0008
4 4 5 11 11 0.0007
3 3 5 12 12 0.0005
1 4 4 13 13 0.0004
2 4 6 9 14 0.0003
1 4 6 11 13 0.0002
0 5 10 10 10 0.0002
4 4 7 8 12 0.0001
2 4 5 12 12 0.0001
7 7 7 7 7 -0.0
6 7 7 7 8 -0.0
6 6 7 8 8 0.0
6 6 7 7 9 0.0
6 6 6 8 9 0.0
6 6 6 7 10 0.0
6 6 6 6 11 0.0
5 7 7 8 8 -0.0
5 7 7 7 9 -0.0
5 6 8 8 8 0.0
5 6 7 8 9 0.0
5 6 7 7 10 -0.0
5 6 6 9 9 0.0
5 6 6 8 10 0.0
5 6 6 7 11 0.0
5 5 8 8 9 0.0
5 5 7 9 9 -0.0
5 5 7 8 10 -0.0
5 5 6 9 10 -0.0
5 5 6 8 11 0.0
5 5 6 7 12 0.0
5 5 6 6 13 -0.0
5 5 5 10 10 -0.0
5 5 5 9 11 0.0
5 5 5 7 13 -0.0
5 5 5 6 14 -0.0
4 7 8 8 8 -0.0
4 7 7 8 9 -0.0
4 7 7 7 10 -0.0
4 6 8 8 9 -0.0
4 6 7 9 9 0.0
4 6 7 8 10 -0.0
4 6 7 7 11 0.0
4 6 6 9 10 0.0
4 6 6 8 11 0.0
4 6 6 7 12 0.0
4 6 6 6 13 -0.0
4 5 8 9 9 -0.0
4 5 8 8 10 -0.0
4 5 7 9 10 -0.0
4 5 7 8 11 0.0
4 5 7 7 12 0.0
4 5 6 10 10 -0.0
4 5 6 9 11 0.0
4 5 6 8 12 0.0
4 5 6 7 13 -0.0
4 5 6 6 14 0.0
4 5 5 10 11 0.0
4 5 5 9 12 0.0
4 5 5 8 13 -0.0
4 5 5 7 14 0.0
4 5 5 6 15 0.0
4 4 9 9 9 -0.0
4 4 8 9 10 -0.0
4 4 8 8 11 0.0
4 4 7 10 10 0.0
4 4 7 9 11 0.0
4 4 7 7 13 0.0
4 4 6 9 12 0.0
4 4 6 8 13 -0.0
4 4 6 7 14 0.0
4 4 5 10 12 0.0
4 4 5 9 13 0.0
4 4 5 8 14 0.0
4 4 5 7 15 0.0
4 4 4 10 13 0.0
4 4 4 8 15 0.0
3 8 8 8 8 -0.0
3 7 8 8 9 -0.0
3 7 7 9 9 0.0
3 7 7 8 10 0.0
3 7 7 7 11 0.0
3 6 8 9 9 -0.0
3 6 8 8 10 -0.0
3 6 7 9 10 0.0
3 6 7 8 11 0.0
3 6 7 7 12 0.0
3 6 6 10 10 0.0
3 6 6 9 11 0.0
3 6 6 8 12 0.0
3 6 6 7 13 0.0
3 5 9 9 9 -0.0
3 5 8 9 10 -0.0
3 5 8 8 11 0.0
3 5 7 10 10 0.0
3 5 7 9 11 0.0
3 5 7 8 12 0.0
3 5 7 7 13 0.0
3 5 6 10 11 0.0
3 5 6 9 12 0.0
3 5 6 8 13 0.0
3 5 6 7 14 0.0
3 5 6 6 15 0.0
3 5 5 11 11 0.0
3 5 5 10 12 0.0
3 5 5 9 13 0.0
3 5 5 8 14 0.0
3 5 5 7 15 0.0
3 4 9 9 10 -0.0
3 4 8 10 10 0.0
3 4 8 9 11 0.0
3 4 8 8 12 0.0
3 4 7 9 12 0.0
3 4 7 8 13 0.0
3 4 7 7 14 0.0
3 4 6 11 11 0.0
3 4 6 10 12 0.0
3 4 6 9 13 0.0
3 4 6 7 15 0.0
3 4 5 10 13 0.0
3 4 5 9 14 0.0
3 4 5 8 15 0.0
3 4 4 12 12 0.0
3 4 4 9 15 0.0
3 3 9 10 10 0.0
3 3 9 9 11 0.0
3 3 8 10 11 0.0
3 3 8 8 13 0.0
3 3 7 11 11 0.0
3 3 7 10 12 0.0
3 3 7 9 13 0.0
3 3 7 8 14 0.0
3 3 7 7 15 0.0
3 3 6 11 12 0.0
3 3 6 10 13 0.0
3 3 6 9 14 0.0
3 3 6 8 15 0.0
3 3 5 11 13 0.0
3 3 5 10 14 0.0
3 3 5 9 15 0.0
3 3 4 12 13 0.0
3 3 4 11 14 0.0
3 3 4 10 15 0.0
3 3 3 13 13 0.0
3 3 3 12 14 0.0
3 3 3 11 15 0.0
2 8 8 8 9 -0.0
2 7 8 9 9 0.0
2 7 8 8 10 -0.0
2 7 7 9 10 0.0
2 7 7 8 11 0.0
2 7 7 7 12 0.0
2 6 9 9 9 0.0
2 6 8 9 10 0.0
2 6 8 8 11 -0.0
2 6 7 10 10 0.0
2 6 7 9 11 0.0
2 6 7 8 12 0.0
2 6 7 7 13 0.0
2 6 6 9 12 0.0
2 6 6 8 13 0.0
2 6 6 7 14 0.0
2 6 6 6 15 -0.0
2 5 9 9 10 -0.0
2 5 8 10 10 0.0
2 5 8 9 11 0.0
2 5 8 8 12 0.0
2 5 7 10 11 0.0
2 5 7 9 12 0.0
2 5 7 8 13 0.0
2 5 7 7 14 0.0
2 5 6 11 11 0.0
2 5 6 10 12 0.0
2 5 6 9 13 0.0
2 5 6 8 14 0.0
2 5 6 7 15 0.0
2 5 5 11 12 0.0
2 5 5 10 13 0.0
2 5 5 9 14 0.0
2 5 5 8 15 -0.0
2 4 9 10 10 0.0
2 4 9 9 11 0.0
2 4 8 8 13 0.0
2 4 7 11 11 0.0
2 4 7 9 13 0.0
2 4 7 7 15 0.0
2 4 6 11 12 0.0
2 4 6 10 13 0.0
2 4 6 8 15 -0.0
2 4 5 11 13 0.0
2 4 5 9 15 -0.0
2 4 4 10 15 -0.0
2 3 9 10 11 0.0
2 3 9 9 12 0.0
2 3 8 11 11 0.0
2 3 8 10 12 0.0
2 3 8 9 13 0.0
2 3 7 11 12 0.0
2 3 7 10 13 0.0
2 3 7 9 14 0.0
2 3 7 8 15 0.0
2 3 6 9 15 0.0
2 3 5 11 14 0.0
2 3 5 10 15 0.0
2 3 4 12 14 0.0
2 3 4 11 15 0.0
2 3 3 13 14 0.0
2 3 3 12 15 0.0
2 2 10 10 11 0.0
2 2 9 11 11 0.0
2 2 9 9 13 0.0
2 2 8 10 13 0.0
2 2 8 9 14 0.0
2 2 8 8 15 -0.0
2 2 7 11 13 0.0
2 2 7 9 15 0.0
2 2 6 11 14 0.0
2 2 6 10 15 -0.0
2 2 5 13 13 0.0
2 2 5 12 14 0.0
2 2 5 11 15 -0.0
2 2 4 13 14 -0.0
2 2 4 12 15 -0.0
2 2 3 14 14 -0.0
2 2 3 13 15 -0.0
2 2 2 14 15 -0.0
1 8 8 9 9 0.0
1 8 8 8 10 -0.0
1 7 9 9 9 0.0
1 7 8 9 10 0.0
1 7 8 8 11 -0.0
1 7 7 10 10 0.0
1 7 7 9 11 0.0
1 7 7 8 12 -0.0
1 7 7 7 13 0.0
1 6 9 9 10 0.0
1 6 8 10 10 0.0
1 6 8 9 11 -0.0
1 6 8 8 12 -0.0
1 6 7 10 11 0.0
1 6 7 9 12 0.0
1 6 7 8 13 0.0
1 6 6 11 11 0.0
1 6 6 10 12 0.0
1 6 6 9 13 0.0
1 6 6 7 15 -0.0
1 5 9 10 10 0.0
1 5 9 9 11 0.0
1 5 8 10 11 0.0
1 5 8 9 12 0.0
1 5 8 8 13 0.0
1 5 7 11 11 0.0
1 5 7 10 12 0.0
1 5 7 9 13 0.0
1 5 7 8 14 0.0
1 5 7 7 15 -0.0
1 5 6 11 12 0.0
1 5 6 10 13 0.0
1 5 6 9 14 0.0
1 5 6 8 15 -0.0
1 5 5 11 13 0.0
1 5 5 10 14 0.0
1 5 5 9 15 -0.0
1 4 9 10 11 0.0
1 4 9 9 12 0.0
1 4 8 11 11 0.0
1 4 8 10 12 0.0
1 4 8 9 13 0.0
1 4 7 11 12 0.0
1 4 7 10 13 0.0
1 4 7 9 14 0.0
1 4 7 8 15 -0.0
1 4 6 9 15 -0.0
1 4 5 11 14 0.0
1 4 5 10 15 -0.0
1 4 4 12 14 0.0
1 4 4 11 15 -0.0
1 3 9 11 11 0.0
1 3 9 10 12 0.0
1 3 9 9 13 0.0
1 3 8 11 12 0.0
1 3 8 10 13 0.0
1 3 8 9 14 0.0
1 3 8 8 15 -0.0
1 3 7 12 12 0.0
1 3 7 11 13 0.0
1 3 7 10 14 0.0
1 3 7 9 15 0.0
1 3 6 12 13 0.0
1 3 6 11 14 0.0
1 3 6 10 15 0.0
1 3 5 13 13 0.0
1 3 5 12 14 0.0
1 3 5 11 15 0.0
1 3 4 13 14 0.0
1 3 4 12 15 0.0
1 3 3 14 14 0.0
1 3 3 13 15 0.0
1 2 10 11 11 0.0
1 2 10 10 12 0.0
1 2 9 11 12 0.0
1 2 9 10 13 0.0
1 2 9 9 14 0.0
1 2 8 12 12 0.0
1 2 8 11 13 0.0
1 2 8 10 14 0.0
1 2 8 9 15 0.0
1 2 7 12 13 0.0
1 2 7 11 14 0.0
1 2 7 10 15 -0.0
1 2 6 13 13 0.0
1 2 6 12 14 0.0
1 2 6 11 15 -0.0
1 2 5 13 14 0.0
1 2 5 12 15 -0.0
1 2 4 14 14 0.0
1 2 4 13 15 -0.0
1 2 3 14 15 -0.0
1 2 2 15 15 -0.0
1 1 11 11 11 0.0
1 1 10 11 12 0.0
1 1 10 10 13 0.0
1 1 9 12 12 0.0
1 1 9 11 13 0.0
1 1 9 10 14 0.0
1 1 9 9 15 0.0
1 1 8 12 13 0.0
1 1 8 11 14 0.0
1 1 8 10 15 -0.0
1 1 7 13 13 0.0
1 1 7 12 14 0.0
1 1 7 11 15 -0.0
1 1 6 13 14 0.0
1 1 6 12 15 -0.0
1 1 5 14 14 0.0
1 1 5 13 15 -0.0
1 1 4 14 15 -0.0
1 1 3 15 15 0.0
0 8 8 9 10 0.0
0 8 8 8 11 0.0
0 7 9 9 10 0.0
0 7 8 10 10 0.0
0 7 8 9 11 0.0
0 7 8 8 12 0.0
0 7 7 10 11 0.0
0 7 7 9 12 0.0
0 7 7 7 14 0.0
0 6 9 9 11 0.0
0 6 8 9 12 0.0
0 6 7 11 11 0.0
0 6 7 10 12 0.0
0 6 7 9 13 0.0
0 6 7 8 14 0.0
0 6 7 7 15 -0.0
0 6 6 10 13 0.0
0 6 6 9 14 0.0
0 6 6 8 15 -0.0
0 5 9 10 11 0.0
0 5 9 9 12 0.0
0 5 8 11 11 0.0
0 5 8 9 13 0.0
0 5 7 11 12 0.0
0 5 7 10 13 0.0
0 5 7 9 14 0.0
0 5 7 8 15 -0.0
0 5 6 12 12 0.0
0 5 6 11 13 0.0
0 5 6 10 14 0.0
0 5 6 9 15 -0.0
0 5 5 12 13 -0.0
0 5 5 11 14 0.0
0 5 5 10 15 -0.0
0 4 10 10 11 0.0
0 4 9 11 11 0.0
0 4 9 10 12 0.0
0 4 9 9 13 0.0
0 4 8 11 12 0.0
0 4 8 10 13 0.0
0 4 8 9 14 0.0
0 4 8 8 15 -0.0
0 4 7 12 12 0.0
0 4 7 11 13 0.0
0 4 7 10 14 0.0
0 4 7 9 15 -0.0
0 4 6 12 13 0.0
0 4 6 11 14 0.0
0 4 6 10 15 -0.0
0 4 5 13 13 0.0
0 4 5 12 14 0.0
0 4 5 11 15 0.0
0 4 4 13 14 0.0
0 4 4 12 15 0.0
0 3 10 11 11 0.0
0 3 10 10 12 -0.0
0 3 9 11 12 0.0
0 3 9 10 13 0.0
0 3 9 9 14 0.0
0 3 8 12 12 0.0
0 3 8 11 13 0.0
0 3 8 10 14 0.0
0 3 8 9 15 -0.0
0 3 7 12 13 0.0
0 3 7 11 14 0.0
0 3 7 10 15 -0.0
0 3 6 13 13 0.0
0 3 6 12 14 0.0
0 3 6 11 15 0.0
0 3 5 13 14 0.0
0 3 5 12 15 -0.0
0 3 4 14 14 0.0
0 3 4 13 15 0.0
0 3 3 14 15 0.0
0 2 11 11 11 0.0
0 2 10 11 12 0.0
0 2 10 10 13 -0.0
0 2 9 12 12 0.0
0 2 9 11 13 0.0
0 2 9 10 14 0.0
0 2 9 9 15 0.0
0 2 8 12 13 0.0
0 2 8 11 14 0.0
0 2 8 10 15 -0.0
0 2 7 13 13 0.0
0 2 7 12 14 0.0
0 2 7 11 15 -0.0
0 2 6 13 14 0.0
0 2 6 12 15 -0.0
0 2 5 14 14 0.0
0 2 5 13 15 0.0
0 2 4 14 15 0.0
0 2 3 15 15 0.0
0 1 11 11 12 0.0
0 1 10 12 12 0.0
0 1 10 11 13 0.0
0 1 10 10 14 0.0
0 1 9 12 13 -0.0
0 1 9 11 14 0.0
0 1 9 10 15 0.0
0 1 8 13 13 0.0
0 1 8 12 14 0.0
0 1 8 11 15 -0.0
0 1 7 13 14 0.0
0 1 7 12 15 -0.0
0 1 6 14 14 0.0
0 1 6 13 15 -0.0
0 1 5 14 15 0.0
0 1 4 15 15 -0.0
0 0 11 11 13 0.0
0 0 10 12 13 -0.0
0 0 9 13 13 -0.0
0 0 9 11 15 0.0
0 0 8 12 15 -0.0
0 0 7 14 14 0.0
0 0 7 13 15 -0.0
0 0 6 14 15 0.0
0 0 5 15 15 -0.0