0 0 10 14 16 0.0752
2 4 8 10 16 0.048
0 0 12 12 16 0.0401
2 6 6 10 16 0.0395
4 4 6 10 16 0.0338
1 4 7 14 14 0.0327
1 6 8 9 16 0.027
0 0 11 12 17 0.0265
0 8 8 11 13 0.0237
2 3 9 12 14 0.0227
2 4 6 14 14 0.0215
2 2 8 14 14 0.021
0 8 8 9 15 0.0203
2 3 8 12 15 0.0195
0 6 10 11 13 0.0192
0 6 9 10 15 0.0173
1 4 11 12 12 0.0169
0 6 10 10 14 0.0162
2 4 10 10 14 0.0146
2 3 11 12 12 0.0144
2 2 8 12 16 0.0142
1 6 7 12 14 0.014
3 3 6 12 16 0.0137
1 6 6 13 14 0.0135
2 4 9 9 16 0.0134
2 5 5 12 16 0.0129
2 4 8 12 14 0.0127
5 5 6 7 17 0.012
2 4 6 12 16 0.0118
1 5 8 12 14 0.0112
3 5 8 8 16 0.0111
4 4 4 12 16 0.0108
2 6 8 12 12 0.0107
0 6 8 12 14 0.0104
0 7 8 10 15 0.01
6 6 6 8 14 0.0095
4 4 8 11 13 0.009
2 4 6 13 15 0.009
2 2 10 12 14 0.0088
0 10 10 10 10 0.0088
2 5 8 9 16 0.0086
1 5 10 12 12 0.0086
2 4 5 14 15 0.0082
4 6 6 8 16 0.0077
4 4 7 9 16 0.007
0 0 12 14 14 0.0066
2 3 10 12 13 0.0065
5 6 7 8 14 0.0061
4 4 5 13 14 0.0061
0 8 8 8 16 0.006
1 6 6 12 15 0.0059
4 5 5 10 16 0.0058
2 4 7 12 15 0.0058
2 6 8 11 13 0.0057
1 4 9 10 16 0.0054
3 4 8 8 17 0.0053
1 7 7 9 16 0.005
1 2 10 10 17 0.005
3 3 4 15 15 0.0049
2 4 10 11 13 0.0045
4 4 8 8 16 0.0043
4 7 7 8 14 0.0042
3 3 6 14 14 0.0039
2 2 9 10 17 0.0038
4 5 7 7 17 0.0037
2 3 9 10 16 0.0036
4 7 8 8 13 0.0035
3 3 6 13 15 0.0034
2 3 7 12 16 0.0033
4 6 8 8 14 0.0031
1 4 10 12 13 0.003
1 3 8 14 14 0.003
2 7 7 12 12 0.0029
2 7 7 11 13 0.0029
1 5 7 12 15 0.0029
0 8 10 11 11 0.0029
1 7 8 8 16 0.0027
0 7 10 11 12 0.0026
5 7 7 8 13 0.0025
5 5 6 11 13 0.0025
3 4 5 12 16 0.0025
1 5 6 14 14 0.0022
4 6 6 7 17 0.002
4 4 7 8 17 0.0018
2 3 7 14 14 0.0018
4 5 7 11 13 0.0016
1 5 6 13 15 0.0016
2 5 5 13 15 0.0015
5 6 8 8 13 0.0014
3 3 8 10 16 0.0014
3 4 10 10 13 0.0012
5 8 9 9 9 0.0011
2 3 11 11 13 0.0011
4 6 6 11 13 0.0008
3 6 7 8 16 0.0008
2 5 7 12 14 0.0007
2 2 9 11 16 0.0007
1 4 8 13 14 0.0007
3 5 5 13 14 0.0006
3 3 10 11 13 0.0006
4 4 6 12 14 0.0005
3 4 8 9 16 0.0005
2 4 10 12 12 0.0005
2 4 4 15 15 0.0005
0 0 13 13 14 0.0005
1 5 7 13 14 0.0004
6 6 6 7 15 0.0003
5 5 5 8 17 0.0003
4 4 5 11 16 0.0003
3 4 5 13 15 0.0003
0 7 11 11 11 0.0003
2 6 8 8 16 0.0002
2 5 7 10 16 0.0002
2 2 11 12 13 0.0002
0 6 10 12 12 0.0002
6 6 7 7 14 0.0001
4 5 8 10 13 0.0001
4 5 5 12 14 0.0001
4 4 4 13 15 0.0001
3 4 7 10 16 0.0001
3 4 5 14 14 0.0001
3 3 10 12 12 0.0001
3 3 10 10 14 0.0001
2 5 5 14 14 0.0001
2 3 6 14 15 0.0001
0 8 8 12 12 0.0001
0 7 10 10 13 0.0001
0 7 7 12 14 0.0001
8 8 8 8 8 0.0
7 8 8 8 9 -0.0
7 7 8 9 9 -0.0
7 7 8 8 10 -0.0
7 7 7 9 10 -0.0
7 7 7 8 11 0.0
7 7 7 7 12 0.0
6 8 8 9 9 -0.0
6 8 8 8 10 0.0
6 7 9 9 9 -0.0
6 7 8 9 10 -0.0
6 7 8 8 11 0.0
6 7 7 10 10 0.0
6 7 7 9 11 0.0
6 7 7 8 12 0.0
6 7 7 7 13 0.0
6 6 9 9 10 -0.0
6 6 8 10 10 0.0
6 6 8 9 11 0.0
6 6 8 8 12 0.0
6 6 7 10 11 0.0
6 6 7 9 12 0.0
6 6 7 8 13 0.0
6 6 6 11 11 0.0
6 6 6 10 12 0.0
6 6 6 9 13 0.0
6 6 6 6 16 0.0
5 8 8 9 10 0.0
5 8 8 8 11 0.0
5 7 9 9 10 -0.0
5 7 8 10 10 0.0
5 7 8 9 11 0.0
5 7 8 8 12 0.0
5 7 7 10 11 0.0
5 7 7 9 12 0.0
5 7 7 7 14 0.0
5 6 9 10 10 -0.0
5 6 9 9 11 -0.0
5 6 8 10 11 0.0
5 6 8 9 12 0.0
5 6 7 11 11 0.0
5 6 7 10 12 0.0
5 6 7 9 13 0.0
5 6 7 7 15 0.0
5 6 6 11 12 0.0
5 6 6 10 13 0.0
5 6 6 9 14 0.0
5 6 6 8 15 0.0
5 6 6 7 16 0.0
5 6 6 6 17 0.0
5 5 10 10 10 -0.0
5 5 9 10 11 -0.0
5 5 9 9 12 0.0
5 5 8 11 11 0.0
5 5 8 10 12 0.0
5 5 8 9 13 0.0
5 5 8 8 14 0.0
5 5 7 11 12 0.0
5 5 7 10 13 0.0
5 5 7 9 14 0.0
5 5 7 8 15 0.0
5 5 7 7 16 0.0
5 5 6 12 12 0.0
5 5 6 10 14 0.0
5 5 6 9 15 0.0
5 5 6 8 16 0.0
5 5 5 12 13 0.0
5 5 5 11 14 0.0
5 5 5 10 15 0.0
5 5 5 9 16 0.0
4 9 9 9 9 0.0
4 8 9 9 10 0.0
4 8 8 10 10 0.0
4 8 8 9 11 0.0
4 8 8 8 12 0.0
4 7 9 10 10 -0.0
4 7 9 9 11 0.0
4 7 8 10 11 0.0
4 7 8 9 12 0.0
4 7 7 11 11 0.0
4 7 7 10 12 0.0
4 7 7 9 13 0.0
4 7 7 7 15 0.0
4 6 10 10 10 -0.0
4 6 9 10 11 -0.0
4 6 9 9 12 0.0
4 6 8 11 11 0.0
4 6 8 10 12 0.0
4 6 8 9 13 0.0
4 6 7 11 12 0.0
4 6 7 10 13 0.0
4 6 7 9 14 0.0
4 6 7 8 15 0.0
4 6 7 7 16 0.0
4 6 6 12 12 0.0
4 6 6 10 14 0.0
4 6 6 9 15 0.0
4 5 10 10 11 0.0
4 5 9 11 11 0.0
4 5 9 10 12 0.0
4 5 9 9 13 0.0
4 5 8 11 12 0.0
4 5 8 9 14 0.0
4 5 8 8 15 0.0
4 5 7 12 12 0.0
4 5 7 10 14 0.0
4 5 7 9 15 0.0
4 5 7 8 16 0.0
4 5 6 12 13 0.0
4 5 6 11 14 0.0
4 5 6 10 15 0.0
4 5 6 9 16 0.0
4 5 6 8 17 0.0
4 5 5 13 13 0.0
4 5 5 11 15 0.0
4 5 5 9 17 0.0
4 4 10 11 11 0.0
4 4 10 10 12 0.0
4 4 9 11 12 0.0
4 4 9 10 13 0.0
4 4 9 9 14 0.0
4 4 8 12 12 0.0
4 4 8 10 14 0.0
4 4 8 9 15 0.0
4 4 7 12 13 0.0
4 4 7 11 14 0.0
4 4 7 10 15 0.0
4 4 6 13 13 0.0
4 4 6 11 15 0.0
4 4 6 9 17 0.0
4 4 5 12 15 0.0
4 4 5 10 17 0.0
4 4 4 14 14 0.0
4 4 4 11 17 0.0
3 9 9 9 10 0.0
3 8 9 10 10 0.0
3 8 9 9 11 0.0
3 8 8 10 11 0.0
3 8 8 9 12 0.0
3 8 8 8 13 0.0
3 7 10 10 10 0.0
3 7 9 10 11 0.0
3 7 9 9 12 0.0
3 7 8 11 11 0.0
3 7 8 10 12 0.0
3 7 8 9 13 0.0
3 7 8 8 14 0.0
3 7 7 11 12 0.0
3 7 7 10 13 0.0
3 7 7 9 14 0.0
3 7 7 8 15 0.0
3 7 7 7 16 0.0
3 6 10 10 11 0.0
3 6 9 11 11 0.0
3 6 9 10 12 0.0
3 6 9 9 13 0.0
3 6 8 11 12 0.0
3 6 8 10 13 0.0
3 6 8 9 14 0.0
3 6 8 8 15 0.0
3 6 7 12 12 0.0
3 6 7 11 13 0.0
3 6 7 10 14 0.0
3 6 7 9 15 0.0
3 6 7 7 17 0.0
3 6 6 12 13 0.0
3 6 6 11 14 0.0
3 6 6 10 15 0.0
3 6 6 9 16 0.0
3 6 6 8 17 0.0
3 5 10 11 11 0.0
3 5 10 10 12 0.0
3 5 9 11 12 0.0
3 5 9 10 13 0.0
3 5 9 9 14 0.0
3 5 8 12 12 0.0
3 5 8 11 13 0.0
3 5 8 10 14 0.0
3 5 8 9 15 0.0
3 5 7 12 13 0.0
3 5 7 11 14 0.0
3 5 7 10 15 0.0
3 5 7 9 16 0.0
3 5 7 8 17 0.0
3 5 6 13 13 0.0
3 5 6 12 14 0.0
3 5 6 11 15 0.0
3 5 6 10 16 0.0
3 5 6 9 17 0.0
3 5 5 12 15 0.0
3 5 5 11 16 0.0
3 5 5 10 17 -0.0
3 4 11 11 11 0.0
3 4 10 11 12 0.0
3 4 9 12 12 0.0
3 4 9 11 13 0.0
3 4 9 10 14 0.0
3 4 9 9 15 0.0
3 4 8 12 13 0.0
3 4 8 11 14 0.0
3 4 8 10 15 0.0
3 4 7 13 13 0.0
3 4 7 12 14 0.0
3 4 7 11 15 0.0
3 4 7 9 17 0.0
3 4 6 13 14 0.0
3 4 6 12 15 0.0
3 4 6 11 16 0.0
3 4 6 10 17 0.0
3 4 5 11 17 0.0
3 4 4 14 15 0.0
3 4 4 13 16 0.0
3 4 4 12 17 -0.0
3 3 11 11 12 0.0
3 3 9 12 13 0.0
3 3 9 11 14 0.0
3 3 9 10 15 0.0
3 3 9 9 16 0.0
3 3 8 13 13 0.0
3 3 8 12 14 0.0
3 3 8 11 15 0.0
3 3 8 9 17 0.0
3 3 7 13 14 0.0
3 3 7 12 15 0.0
3 3 7 11 16 0.0
3 3 7 10 17 0.0
3 3 6 11 17 0.0
3 3 5 14 15 0.0
3 3 5 13 16 0.0
3 3 5 12 17 -0.0
3 3 4 14 16 -0.0
3 3 4 13 17 -0.0
3 3 3 15 16 0.0
3 3 3 14 17 -0.0
2 9 9 10 10 -0.0
2 9 9 9 11 0.0
2 8 10 10 10 -0.0
2 8 9 10 11 0.0
2 8 9 9 12 -0.0
2 8 8 11 11 0.0
2 8 8 10 12 0.0
2 8 8 9 13 -0.0
2 8 8 8 14 0.0
2 7 10 10 11 -0.0
2 7 9 11 11 0.0
2 7 9 10 12 0.0
2 7 9 9 13 0.0
2 7 8 11 12 0.0
2 7 8 10 13 0.0
2 7 8 9 14 0.0
2 7 8 8 15 0.0
2 7 7 10 14 0.0
2 7 7 9 15 0.0
2 7 7 8 16 0.0
2 7 7 7 17 0.0
2 6 10 11 11 -0.0
2 6 10 10 12 0.0
2 6 9 11 12 0.0
2 6 9 10 13 0.0
2 6 9 9 14 0.0
2 6 8 10 14 0.0
2 6 8 9 15 0.0
2 6 7 12 13 0.0
2 6 7 11 14 0.0
2 6 7 10 15 0.0
2 6 7 9 16 0.0
2 6 7 8 17 0.0
2 6 6 13 13 0.0
2 6 6 12 14 0.0
2 6 6 11 15 0.0
2 6 6 9 17 0.0
2 5 11 11 11 0.0
2 5 10 11 12 0.0
2 5 10 10 13 0.0
2 5 9 12 12 0.0
2 5 9 11 13 0.0
2 5 9 10 14 0.0
2 5 9 9 15 0.0
2 5 8 12 13 0.0
2 5 8 11 14 0.0
2 5 8 10 15 0.0
2 5 8 8 17 0.0
2 5 7 13 13 0.0
2 5 7 11 15 0.0
2 5 7 9 17 0.0
2 5 6 13 14 0.0
2 5 6 12 15 0.0
2 5 6 11 16 0.0
2 5 6 10 17 0.0
2 5 5 11 17 -0.0
2 4 11 11 12 0.0
2 4 9 12 13 0.0
2 4 9 11 14 0.0
2 4 9 10 15 0.0
2 4 8 13 13 0.0
2 4 8 11 15 0.0
2 4 8 9 17 0.0
2 4 7 13 14 0.0
2 4 7 11 16 0.0
2 4 7 10 17 0.0
2 4 6 11 17 -0.0
2 4 5 13 16 0.0
2 4 5 12 17 -0.0
2 4 4 14 16 -0.0
2 4 4 13 17 -0.0
2 3 10 11 14 0.0
2 3 10 10 15 0.0
2 3 9 13 13 0.0
2 3 9 11 15 0.0
2 3 9 9 17 0.0
2 3 8 13 14 0.0
2 3 8 11 16 0.0
2 3 8 10 17 0.0
2 3 7 13 15 0.0
2 3 7 11 17 0.0
2 3 6 13 16 0.0
2 3 6 12 17 -0.0
2 3 5 15 15 0.0
2 3 5 14 16 0.0
2 3 5 13 17 -0.0
2 3 4 15 16 0.0
2 3 4 14 17 -0.0
2 3 3 16 16 0.0
2 3 3 15 17 0.0
2 2 12 12 12 0.0
2 2 11 11 14 0.0
2 2 10 13 13 0.0
2 2 10 11 15 0.0
2 2 10 10 16 0.0
2 2 9 13 14 0.0
2 2 9 12 15 0.0
2 2 8 13 15 0.0
2 2 8 11 17 0.0
2 2 7 14 15 0.0
2 2 7 13 16 0.0
2 2 7 12 17 0.0
2 2 6 15 15 0.0
2 2 6 14 16 0.0
2 2 6 13 17 -0.0
2 2 5 15 16 -0.0
2 2 5 14 17 -0.0
2 2 4 16 16 0.0
2 2 4 15 17 0.0
2 2 3 16 17 0.0
2 2 2 17 17 0.0
1 9 10 10 10 -0.0
1 9 9 10 11 -0.0
1 9 9 9 12 -0.0
1 8 10 10 11 -0.0
1 8 9 11 11 -0.0
1 8 9 10 12 -0.0
1 8 9 9 13 -0.0
1 8 8 11 12 -0.0
1 8 8 10 13 -0.0
1 8 8 9 14 -0.0
1 8 8 8 15 0.0
1 7 10 11 11 -0.0
1 7 10 10 12 -0.0
1 7 9 11 12 0.0
1 7 9 10 13 0.0
1 7 9 9 14 0.0
1 7 8 12 12 0.0
1 7 8 11 13 0.0
1 7 8 10 14 0.0
1 7 8 9 15 0.0
1 7 7 12 13 0.0
1 7 7 11 14 0.0
1 7 7 10 15 0.0
1 7 7 8 17 0.0
1 6 11 11 11 -0.0
1 6 10 11 12 -0.0
1 6 10 10 13 0.0
1 6 9 12 12 0.0
1 6 9 11 13 0.0
1 6 9 10 14 0.0
1 6 9 9 15 0.0
1 6 8 12 13 0.0
1 6 8 11 14 0.0
1 6 8 10 15 0.0
1 6 8 8 17 0.0
1 6 7 13 13 0.0
1 6 7 11 15 0.0
1 6 7 10 16 0.0
1 6 7 9 17 0.0
1 6 6 11 16 0.0
1 6 6 10 17 0.0
1 5 11 11 12 0.0
1 5 10 11 13 0.0
1 5 10 10 14 0.0
1 5 9 12 13 0.0
1 5 9 11 14 0.0
1 5 9 10 15 0.0
1 5 9 9 16 0.0
1 5 8 13 13 0.0
1 5 8 11 15 0.0
1 5 8 10 16 0.0
1 5 8 9 17 0.0
1 5 7 11 16 0.0
1 5 7 10 17 0.0
1 5 6 12 16 0.0
1 5 6 11 17 -0.0
1 5 5 14 15 0.0
1 5 5 13 16 0.0
1 5 5 12 17 -0.0
1 4 11 11 13 0.0
1 4 10 11 14 0.0
1 4 10 10 15 0.0
1 4 9 13 13 0.0
1 4 9 12 14 0.0
1 4 9 11 15 0.0
1 4 9 9 17 0.0
1 4 8 12 15 0.0
1 4 8 11 16 0.0
1 4 8 10 17 0.0
1 4 7 13 15 0.0
1 4 7 12 16 0.0
1 4 7 11 17 -0.0
1 4 6 14 15 0.0
1 4 6 13 16 0.0
1 4 6 12 17 -0.0
1 4 5 15 15 0.0
1 4 5 14 16 0.0
1 4 5 13 17 0.0
1 4 4 15 16 0.0
1 4 4 14 17 0.0
1 3 12 12 12 0.0
1 3 11 12 13 0.0
1 3 11 11 14 0.0
1 3 10 13 13 0.0
1 3 10 12 14 0.0
1 3 10 11 15 0.0
1 3 10 10 16 0.0
1 3 9 13 14 0.0
1 3 9 12 15 0.0
1 3 9 11 16 0.0
1 3 9 10 17 0.0
1 3 8 13 15 0.0
1 3 8 12 16 0.0
1 3 8 11 17 0.0
1 3 7 14 15 0.0
1 3 7 13 16 0.0
1 3 7 12 17 0.0
1 3 6 15 15 0.0
1 3 6 14 16 -0.0
1 3 6 13 17 0.0
1 3 5 15 16 0.0
1 3 5 14 17 0.0
1 3 4 16 16 0.0
1 3 4 15 17 0.0
1 3 3 16 17 0.0
1 2 12 12 13 0.0
1 2 11 13 13 0.0
1 2 11 12 14 0.0
1 2 11 11 15 0.0
1 2 10 13 14 0.0
1 2 10 12 15 0.0
1 2 10 11 16 0.0
1 2 9 14 14 0.0
1 2 9 13 15 0.0
1 2 9 12 16 0.0
1 2 9 11 17 0.0
1 2 8 14 15 0.0
1 2 8 13 16 0.0
1 2 8 12 17 0.0
1 2 7 15 15 0.0
1 2 7 14 16 0.0
1 2 7 13 17 0.0
1 2 6 15 16 -0.0
1 2 6 14 17 0.0
1 2 5 16 16 -0.0
1 2 5 15 17 0.0
1 2 4 16 17 0.0
1 2 3 17 17 0.0
1 1 12 13 13 0.0
1 1 12 12 14 -0.0
1 1 11 13 14 -0.0
1 1 11 12 15 -0.0
1 1 11 11 16 -0.0
1 1 10 14 14 -0.0
1 1 10 13 15 -0.0
1 1 10 12 16 0.0
1 1 10 11 17 0.0
1 1 9 14 15 0.0
1 1 9 13 16 0.0
1 1 9 12 17 0.0
1 1 8 15 15 0.0
1 1 8 14 16 0.0
1 1 8 13 17 0.0
1 1 7 15 16 -0.0
1 1 7 14 17 0.0
1 1 6 16 16 -0.0
1 1 6 15 17 0.0
1 1 5 16 17 0.0
1 1 4 17 17 0.0
0 9 10 10 11 0.0
0 9 9 11 11 0.0
0 9 9 10 12 0.0
0 9 9 9 13 0.0
0 8 10 10 12 0.0
0 8 9 11 12 0.0
0 8 9 10 13 0.0
0 8 9 9 14 0.0
0 8 8 10 14 0.0
0 7 9 12 12 0.0
0 7 9 11 13 0.0
0 7 9 10 14 0.0
0 7 9 9 15 0.0
0 7 8 12 13 0.0
0 7 8 11 14 0.0
0 7 8 9 16 0.0
0 7 8 8 17 0.0
0 7 7 13 13 0.0
0 7 7 11 15 0.0
0 7 7 10 16 0.0
0 7 7 9 17 0.0
0 6 11 11 12 0.0
0 6 9 12 13 0.0
0 6 9 11 14 0.0
0 6 9 9 16 0.0
0 6 8 13 13 0.0
0 6 8 11 15 0.0
0 6 8 10 16 0.0
0 6 8 9 17 -0.0
0 6 7 13 14 0.0
0 6 7 12 15 0.0
0 6 7 11 16 -0.0
0 6 7 10 17 -0.0
0 6 6 14 14 0.0
0 6 6 13 15 0.0
0 6 6 12 16 -0.0
0 6 6 11 17 -0.0
0 5 11 12 12 0.0
0 5 11 11 13 0.0
0 5 10 12 13 0.0
0 5 10 11 14 0.0
0 5 10 10 15 0.0
0 5 9 13 13 0.0
0 5 9 12 14 0.0
0 5 9 11 15 0.0
0 5 9 10 16 0.0
0 5 9 9 17 0.0
0 5 8 13 14 0.0
0 5 8 12 15 0.0
0 5 8 11 16 0.0
0 5 8 10 17 -0.0
0 5 7 14 14 0.0
0 5 7 13 15 0.0
0 5 7 12 16 0.0
0 5 7 11 17 -0.0
0 5 6 14 15 -0.0
0 5 6 13 16 0.0
0 5 6 12 17 -0.0
0 5 5 15 15 0.0
0 5 5 14 16 0.0
0 5 5 13 17 0.0
0 4 12 12 12 0.0
0 4 11 12 13 0.0
0 4 11 11 14 0.0
0 4 10 13 13 0.0
0 4 10 12 14 0.0
0 4 10 11 15 0.0
0 4 10 10 16 0.0
0 4 9 13 14 0.0
0 4 9 12 15 0.0
0 4 9 11 16 0.0
0 4 9 10 17 0.0
0 4 8 14 14 0.0
0 4 8 13 15 0.0
0 4 8 12 16 -0.0
0 4 8 11 17 -0.0
0 4 7 14 15 -0.0
0 4 7 13 16 -0.0
0 4 7 12 17 -0.0
0 4 6 15 15 -0.0
0 4 6 14 16 -0.0
0 4 6 13 17 0.0
0 4 5 15 16 0.0
0 4 5 14 17 0.0
0 4 4 16 16 0.0
0 4 4 15 17 0.0
0 3 12 12 13 0.0
0 3 11 13 13 0.0
0 3 11 12 14 0.0
0 3 11 11 15 0.0
0 3 10 13 14 0.0
0 3 10 12 15 0.0
0 3 10 11 16 0.0
0 3 10 10 17 0.0
0 3 9 14 14 0.0
0 3 9 13 15 0.0
0 3 9 12 16 0.0
0 3 9 11 17 0.0
0 3 8 14 15 -0.0
0 3 8 13 16 -0.0
0 3 8 12 17 -0.0
0 3 7 15 15 -0.0
0 3 7 14 16 -0.0
0 3 7 13 17 0.0
0 3 6 15 16 -0.0
0 3 6 14 17 -0.0
0 3 5 16 16 -0.0
0 3 5 15 17 0.0
0 3 4 16 17 0.0
0 3 3 17 17 0.0
0 2 12 13 13 0.0
0 2 12 12 14 -0.0
0 2 11 13 14 0.0
0 2 11 12 15 0.0
0 2 11 11 16 0.0
0 2 10 14 14 0.0
0 2 10 13 15 -0.0
0 2 10 12 16 0.0
0 2 10 11 17 0.0
0 2 9 14 15 -0.0
0 2 9 13 16 -0.0
0 2 9 12 17 0.0
0 2 8 15 15 -0.0
0 2 8 14 16 -0.0
0 2 8 13 17 0.0
0 2 7 15 16 -0.0
0 2 7 14 17 0.0
0 2 6 16 16 -0.0
0 2 6 15 17 0.0
0 2 5 16 17 0.0
0 2 4 17 17 0.0
0 1 13 13 13 0.0
0 1 12 13 14 -0.0
0 1 12 12 15 -0.0
0 1 11 14 14 -0.0
0 1 11 13 15 -0.0
0 1 11 12 16 -0.0
0 1 11 11 17 0.0
0 1 10 14 15 -0.0
0 1 10 13 16 -0.0
0 1 10 12 17 0.0
0 1 9 15 15 -0.0
0 1 9 14 16 0.0
0 1 9 13 17 0.0
0 1 8 15 16 -0.0
0 1 8 14 17 -0.0
0 1 7 16 16 -0.0
0 1 7 15 17 0.0
0 1 6 16 17 0.0
0 1 5 17 17 0.0
0 0 12 13 15 -0.0
0 0 11 14 15 0.0
0 0 11 13 16 0.0
0 0 10 15 15 0.0
0 0 10 13 17 0.0
0 0 9 15 16 0.0
0 0 9 14 17 -0.0
0 0 8 16 16 -0.0
0 0 8 15 17 -0.0
0 0 7 16 17 0.0
0 0 6 17 17 0.0