2 3 10 14 16  0.0433
0 0 13 14 18  0.0415
1 6 8 14 16  0.0381
0 0 11 16 18  0.0359
0 8 10 10 17  0.0333
1 6 10 10 18  0.0327
2 4 9 12 18  0.0324
0 0 12 15 18  0.0264
2 6 7 12 18  0.0251
0 0 12 14 19  0.0249
4 6 6 11 18  0.0242
2 6 8 11 18  0.0242
2 4 8 14 17  0.0234
2 4 9 14 16  0.0211
2 4 11 12 16  0.0208
4 5 8 10 18  0.0179
1 4 8 16 16  0.0177
4 6 8 12 15  0.017
2 8 8 13 14  0.0166
1 6 12 12 14  0.0166
2 4 12 13 14  0.0164
1 8 8 10 18  0.0157
0 7 10 12 16  0.0149
1 5 9 14 16  0.0133
3 4 10 10 18  0.0128
2 5 6 15 17  0.0116
3 3 7 15 17  0.0114
4 4 6 14 17  0.0113
2 5 6 16 16  0.0103
4 4 5 15 17  0.0098
2 5 10 12 16  0.0098
2 3 12 14 14  0.0095
1 7 7 14 16  0.0095
0 8 9 12 16  0.0094
3 6 8 10 18  0.0089
0 8 10 12 15  0.0089
2 6 10 13 14  0.0087
5 5 8 8 19  0.0086
2 5 10 10 18  0.0085
0 9 9 12 15  0.0081
4 5 6 12 18  0.0079
2 2 10 12 19  0.0077
0 0 13 13 19  0.0077
0 8 12 12 13  0.0075
3 4 12 12 14  0.0073
6 6 6 8 19  0.007
5 8 8 8 16  0.007
4 4 6 13 18  0.007
2 3 8 16 16  0.0065
2 7 9 13 14  0.0064
4 4 7 12 18  0.0063
5 7 8 9 16  0.0058
1 3 9 16 16  0.0057
1 8 9 9 18  0.0054
2 4 11 14 14  0.0051
2 4 7 16 16  0.005
6 6 7 10 16  0.0049
0 7 12 12 14  0.0049
5 7 7 7 19  0.0048
4 5 9 9 18  0.0048
4 4 9 10 18  0.0048
2 6 7 14 16  0.0048
0 11 11 11 12  0.0048
0 10 11 12 12  0.0045
3 4 8 14 16  0.0044
3 6 6 15 15  0.0042
2 5 11 11 16  0.004
3 3 7 16 16  0.0038
4 6 8 8 19  0.0035
6 6 6 12 15  0.003
3 4 10 12 16  0.003
2 3 10 11 19  0.003
4 4 10 12 15  0.0029
7 7 7 8 16  0.0028
5 5 6 11 18  0.0028
3 4 7 15 16  0.0028
0 10 10 10 15  0.0028
5 7 9 9 15  0.0027
4 4 6 15 16  0.0026
3 4 6 15 17  0.0025
2 7 8 10 18  0.0025
1 1 10 16 17  0.0025
7 7 7 9 15  0.0024
5 6 6 10 18  0.0023
2 6 9 14 14  0.0023
2 5 12 12 14  0.0023
1 5 13 13 13  0.0023
6 6 8 9 16  0.0022
3 3 5 17 17  0.002
1 6 7 14 17  0.002
0 6 10 12 17  0.002
3 3 13 13 13  0.0019
2 3 10 12 18  0.0019
2 6 6 14 17  0.0018
0 9 9 10 17  0.0018
4 4 7 14 16  0.0017
3 6 9 12 15  0.0017
3 3 8 14 17  0.0017
2 4 10 13 16  0.0015
4 5 9 12 15  0.0014
4 5 5 15 16  0.0013
1 5 12 13 14  0.0013
1 1 9 17 17  0.0011
0 0 13 16 16  0.0011
4 8 9 9 15  0.0009
0 7 10 11 17  0.0009
4 8 8 10 15  0.0008
1 6 8 12 18  0.0008
4 5 10 10 16  0.0006
3 3 12 13 14  0.0006
2 2 13 14 14  0.0006
0 6 11 11 17  0.0006
5 5 5 15 15  0.0005
2 4 8 15 16  0.0005
5 5 5 12 18  0.0004
7 7 7 7 17  0.0003
4 6 7 10 18  0.0003
0 9 10 10 16  0.0003
0 0 14 15 16  0.0003
6 7 7 10 15  0.0002
4 4 11 12 14  0.0002
3 4 7 14 17  0.0002
6 7 7 9 16  0.0001
3 3 10 10 19  0.0001
2 6 10 12 15  0.0001
2 3 13 13 14  0.0001
1 3 11 11 19  0.0001
0 8 10 11 16  0.0001
9 9 9 9 9  -0.0
8 9 9 9 10  -0.0
8 8 9 10 10  -0.0
8 8 9 9 11  -0.0
8 8 8 10 11  -0.0
8 8 8 9 12  -0.0
8 8 8 8 13  -0.0
7 9 9 10 10  -0.0
7 9 9 9 11  -0.0
7 8 10 10 10  0.0
7 8 9 10 11  -0.0
7 8 9 9 12  -0.0
7 8 8 11 11  0.0
7 8 8 10 12  -0.0
7 8 8 9 13  -0.0
7 8 8 8 14  0.0
7 7 10 10 11  0.0
7 7 9 11 11  0.0
7 7 9 10 12  -0.0
7 7 9 9 13  -0.0
7 7 8 11 12  0.0
7 7 8 10 13  0.0
7 7 8 9 14  0.0
7 7 8 8 15  0.0
7 7 7 12 12  0.0
7 7 7 11 13  0.0
7 7 7 10 14  0.0
6 9 10 10 10  0.0
6 9 9 10 11  0.0
6 9 9 9 12  -0.0
6 8 10 10 11  0.0
6 8 9 11 11  0.0
6 8 9 10 12  -0.0
6 8 9 9 13  -0.0
6 8 8 11 12  0.0
6 8 8 10 13  0.0
6 8 8 9 14  0.0
6 8 8 8 15  0.0
6 7 10 11 11  0.0
6 7 10 10 12  -0.0
6 7 9 11 12  0.0
6 7 9 10 13  0.0
6 7 9 9 14  0.0
6 7 8 12 12  0.0
6 7 8 11 13  0.0
6 7 8 10 14  0.0
6 7 8 9 15  0.0
6 7 8 8 16  0.0
6 7 7 12 13  0.0
6 7 7 11 14  0.0
6 7 7 8 17  0.0
6 7 7 7 18  0.0
6 6 11 11 11  0.0
6 6 10 11 12  0.0
6 6 10 10 13  0.0
6 6 9 12 12  0.0
6 6 9 11 13  0.0
6 6 9 10 14  0.0
6 6 9 9 15  0.0
6 6 8 12 13  0.0
6 6 8 11 14  0.0
6 6 8 10 15  0.0
6 6 8 8 17  0.0
6 6 7 13 13  0.0
6 6 7 12 14  0.0
6 6 7 11 15  0.0
6 6 7 9 17  0.0
6 6 7 8 18  0.0
6 6 7 7 19  0.0
6 6 6 13 14  0.0
6 6 6 11 16  0.0
6 6 6 10 17  0.0
6 6 6 9 18  0.0
5 10 10 10 10  0.0
5 9 10 10 11  0.0
5 9 9 11 11  0.0
5 9 9 10 12  0.0
5 9 9 9 13  0.0
5 8 10 11 11  0.0
5 8 10 10 12  0.0
5 8 9 11 12  0.0
5 8 9 10 13  0.0
5 8 9 9 14  0.0
5 8 8 12 12  0.0
5 8 8 11 13  0.0
5 8 8 10 14  0.0
5 8 8 9 15  0.0
5 7 11 11 11  0.0
5 7 10 11 12  0.0
5 7 10 10 13  0.0
5 7 9 12 12  0.0
5 7 9 11 13  0.0
5 7 9 10 14  0.0
5 7 8 12 13  0.0
5 7 8 11 14  0.0
5 7 8 10 15  0.0
5 7 8 8 17  0.0
5 7 7 13 13  0.0
5 7 7 12 14  0.0
5 7 7 11 15  0.0
5 7 7 10 16  0.0
5 7 7 9 17  0.0
5 7 7 8 18  0.0
5 6 11 11 12  0.0
5 6 10 12 12  0.0
5 6 10 11 13  0.0
5 6 10 10 14  0.0
5 6 9 12 13  0.0
5 6 9 11 14  0.0
5 6 9 10 15  0.0
5 6 9 9 16  0.0
5 6 8 13 13  0.0
5 6 8 12 14  0.0
5 6 8 11 15  0.0
5 6 8 10 16  0.0
5 6 8 9 17  0.0
5 6 8 8 18  0.0
5 6 7 13 14  0.0
5 6 7 12 15  0.0
5 6 7 11 16  0.0
5 6 7 10 17  0.0
5 6 7 9 18  0.0
5 6 7 8 19  0.0
5 6 6 14 14  0.0
5 6 6 13 15  0.0
5 6 6 12 16  0.0
5 6 6 11 17  0.0
5 6 6 9 19  0.0
5 5 11 12 12  0.0
5 5 11 11 13  0.0
5 5 10 12 13  0.0
5 5 10 11 14  0.0
5 5 10 10 15  0.0
5 5 9 13 13  0.0
5 5 9 12 14  0.0
5 5 9 11 15  0.0
5 5 9 10 16  0.0
5 5 9 9 17  0.0
5 5 8 13 14  0.0
5 5 8 12 15  0.0
5 5 8 11 16  0.0
5 5 8 10 17  0.0
5 5 8 9 18  0.0
5 5 7 14 14  0.0
5 5 7 13 15  0.0
5 5 7 12 16  0.0
5 5 7 11 17  0.0
5 5 7 10 18  0.0
5 5 7 9 19  0.0
5 5 6 14 15  0.0
5 5 6 13 16  -0.0
5 5 6 12 17  0.0
5 5 6 10 19  0.0
5 5 5 14 16  0.0
5 5 5 13 17  0.0
5 5 5 11 19  0.0
4 10 10 10 11  0.0
4 9 10 11 11  0.0
4 9 10 10 12  0.0
4 9 9 11 12  0.0
4 9 9 10 13  0.0
4 9 9 9 14  0.0
4 8 11 11 11  0.0
4 8 10 11 12  0.0
4 8 10 10 13  0.0
4 8 9 12 12  0.0
4 8 9 11 13  0.0
4 8 9 10 14  0.0
4 8 8 12 13  0.0
4 8 8 11 14  0.0
4 8 8 9 16  0.0
4 8 8 8 17  0.0
4 7 11 11 12  0.0
4 7 10 12 12  -0.0
4 7 10 11 13  -0.0
4 7 10 10 14  0.0
4 7 9 12 13  0.0
4 7 9 11 14  0.0
4 7 9 10 15  0.0
4 7 9 9 16  0.0
4 7 8 13 13  0.0
4 7 8 12 14  0.0
4 7 8 11 15  0.0
4 7 8 10 16  0.0
4 7 8 9 17  0.0
4 7 8 8 18  0.0
4 7 7 13 14  0.0
4 7 7 12 15  0.0
4 7 7 11 16  0.0
4 7 7 10 17  0.0
4 7 7 9 18  0.0
4 7 7 8 19  0.0
4 6 11 12 12  0.0
4 6 11 11 13  0.0
4 6 10 12 13  0.0
4 6 10 11 14  0.0
4 6 10 10 15  0.0
4 6 9 13 13  0.0
4 6 9 12 14  0.0
4 6 9 11 15  0.0
4 6 9 10 16  0.0
4 6 9 9 17  0.0
4 6 8 13 14  0.0
4 6 8 11 16  0.0
4 6 8 10 17  0.0
4 6 8 9 18  0.0
4 6 7 14 14  0.0
4 6 7 13 15  0.0
4 6 7 12 16  0.0
4 6 7 11 17  0.0
4 6 7 9 19  0.0
4 6 6 14 15  0.0
4 6 6 13 16  0.0
4 6 6 12 17  0.0
4 6 6 10 19  0.0
4 5 12 12 12  0.0
4 5 11 12 13  0.0
4 5 11 11 14  0.0
4 5 10 13 13  0.0
4 5 10 12 14  0.0
4 5 10 11 15  0.0
4 5 9 13 14  0.0
4 5 9 11 16  0.0
4 5 9 10 17  0.0
4 5 8 14 14  0.0
4 5 8 13 15  0.0
4 5 8 12 16  0.0
4 5 8 11 17  0.0
4 5 8 9 19  0.0
4 5 7 14 15  0.0
4 5 7 13 16  0.0
4 5 7 12 17  0.0
4 5 7 11 18  0.0
4 5 7 10 19  0.0
4 5 6 15 15  0.0
4 5 6 14 16  0.0
4 5 6 13 17  0.0
4 5 6 11 19  0.0
4 5 5 14 17  0.0
4 5 5 13 18  0.0
4 5 5 12 19  0.0
4 4 12 12 13  0.0
4 4 11 13 13  0.0
4 4 11 11 15  0.0
4 4 10 13 14  0.0
4 4 10 11 16  0.0
4 4 10 10 17  0.0
4 4 9 14 14  0.0
4 4 9 13 15  0.0
4 4 9 12 16  0.0
4 4 9 11 17  0.0
4 4 9 9 19  0.0
4 4 8 14 15  0.0
4 4 8 13 16  0.0
4 4 8 12 17  0.0
4 4 8 11 18  0.0
4 4 8 10 19  0.0
4 4 7 15 15  0.0
4 4 7 13 17  0.0
4 4 7 11 19  0.0
4 4 6 12 19  0.0
4 4 5 16 16  0.0
4 4 5 14 18  0.0
4 4 5 13 19  0.0
4 4 4 16 17  0.0
4 4 4 15 18  -0.0
4 4 4 14 19  -0.0
3 10 10 11 11  0.0
3 10 10 10 12  0.0
3 9 11 11 11  0.0
3 9 10 11 12  0.0
3 9 10 10 13  -0.0
3 9 9 12 12  0.0
3 9 9 11 13  0.0
3 9 9 10 14  0.0
3 9 9 9 15  0.0
3 8 11 11 12  0.0
3 8 10 12 12  0.0
3 8 10 11 13  0.0
3 8 10 10 14  0.0
3 8 9 12 13  -0.0
3 8 9 11 14  0.0
3 8 9 10 15  0.0
3 8 9 9 16  0.0
3 8 8 13 13  -0.0
3 8 8 12 14  0.0
3 8 8 11 15  0.0
3 8 8 10 16  0.0
3 8 8 9 17  0.0
3 8 8 8 18  0.0
3 7 11 12 12  0.0
3 7 11 11 13  -0.0
3 7 10 12 13  -0.0
3 7 10 11 14  0.0
3 7 10 10 15  0.0
3 7 9 13 13  -0.0
3 7 9 12 14  0.0
3 7 9 11 15  0.0
3 7 9 10 16  0.0
3 7 9 9 17  0.0
3 7 8 13 14  0.0
3 7 8 12 15  0.0
3 7 8 11 16  0.0
3 7 8 10 17  0.0
3 7 8 9 18  0.0
3 7 8 8 19  0.0
3 7 7 14 14  0.0
3 7 7 13 15  0.0
3 7 7 12 16  0.0
3 7 7 11 17  0.0
3 7 7 10 18  0.0
3 7 7 9 19  0.0
3 6 12 12 12  -0.0
3 6 11 12 13  -0.0
3 6 11 11 14  0.0
3 6 10 13 13  -0.0
3 6 10 12 14  0.0
3 6 10 11 15  0.0
3 6 10 10 16  0.0
3 6 9 13 14  0.0
3 6 9 11 16  0.0
3 6 9 10 17  0.0
3 6 9 9 18  0.0
3 6 8 14 14  0.0
3 6 8 13 15  0.0
3 6 8 12 16  0.0
3 6 8 11 17  0.0
3 6 8 9 19  0.0
3 6 7 14 15  0.0
3 6 7 13 16  0.0
3 6 7 12 17  0.0
3 6 7 11 18  0.0
3 6 7 10 19  0.0
3 6 6 14 16  0.0
3 6 6 13 17  0.0
3 6 6 12 18  0.0
3 6 6 11 19  0.0
3 5 12 12 13  -0.0
3 5 11 13 13  -0.0
3 5 11 12 14  0.0
3 5 11 11 15  0.0
3 5 10 13 14  0.0
3 5 10 12 15  0.0
3 5 10 11 16  0.0
3 5 10 10 17  0.0
3 5 9 14 14  0.0
3 5 9 13 15  0.0
3 5 9 12 16  0.0
3 5 9 11 17  0.0
3 5 9 10 18  0.0
3 5 9 9 19  0.0
3 5 8 14 15  0.0
3 5 8 13 16  0.0
3 5 8 12 17  0.0
3 5 8 11 18  0.0
3 5 8 10 19  0.0
3 5 7 15 15  0.0
3 5 7 14 16  0.0
3 5 7 13 17  0.0
3 5 7 12 18  0.0
3 5 7 11 19  0.0
3 5 6 15 16  0.0
3 5 6 14 17  0.0
3 5 6 13 18  0.0
3 5 6 12 19  0.0
3 5 5 16 16  0.0
3 5 5 15 17  0.0
3 5 5 14 18  0.0
3 5 5 13 19  0.0
3 4 12 13 13  0.0
3 4 11 13 14  0.0
3 4 11 12 15  0.0
3 4 11 11 16  0.0
3 4 10 14 14  0.0
3 4 10 13 15  0.0
3 4 10 11 17  0.0
3 4 9 14 15  0.0
3 4 9 13 16  0.0
3 4 9 12 17  0.0
3 4 9 11 18  0.0
3 4 9 10 19  0.0
3 4 8 15 15  0.0
3 4 8 13 17  0.0
3 4 8 12 18  0.0
3 4 8 11 19  0.0
3 4 7 13 18  0.0
3 4 7 12 19  0.0
3 4 6 16 16  0.0
3 4 6 14 18  0.0
3 4 6 13 19  0.0
3 4 5 16 17  0.0
3 4 5 15 18  0.0
3 4 5 14 19  -0.0
3 4 4 17 17  -0.0
3 4 4 16 18  -0.0
3 4 4 15 19  -0.0
3 3 12 12 15  0.0
3 3 11 14 14  0.0
3 3 11 13 15  0.0
3 3 11 12 16  0.0
3 3 11 11 17  0.0
3 3 10 14 15  -0.0
3 3 10 13 16  0.0
3 3 10 12 17  0.0
3 3 10 11 18  0.0
3 3 9 15 15  -0.0
3 3 9 14 16  0.0
3 3 9 13 17  0.0
3 3 9 12 18  0.0
3 3 9 11 19  0.0
3 3 8 15 16  0.0
3 3 8 13 18  0.0
3 3 8 12 19  0.0
3 3 7 14 18  0.0
3 3 7 13 19  0.0
3 3 6 16 17  0.0
3 3 6 15 18  0.0
3 3 6 14 19  -0.0
3 3 5 16 18  0.0
3 3 5 15 19  -0.0
3 3 4 17 18  -0.0
3 3 4 16 19  -0.0
3 3 3 18 18  -0.0
3 3 3 17 19  -0.0
2 10 11 11 11  0.0
2 10 10 11 12  -0.0
2 10 10 10 13  -0.0
2 9 11 11 12  0.0
2 9 10 12 12  -0.0
2 9 10 11 13  -0.0
2 9 10 10 14  0.0
2 9 9 12 13  0.0
2 9 9 11 14  0.0
2 9 9 10 15  0.0
2 9 9 9 16  0.0
2 8 11 12 12  -0.0
2 8 11 11 13  -0.0
2 8 10 12 13  -0.0
2 8 10 11 14  0.0
2 8 10 10 15  0.0
2 8 9 13 13  0.0
2 8 9 12 14  0.0
2 8 9 11 15  0.0
2 8 9 10 16  0.0
2 8 9 9 17  0.0
2 8 8 12 15  0.0
2 8 8 11 16  0.0
2 8 8 10 17  0.0
2 8 8 9 18  0.0
2 8 8 8 19  -0.0
2 7 12 12 12  -0.0
2 7 11 12 13  -0.0
2 7 11 11 14  0.0
2 7 10 13 13  -0.0
2 7 10 12 14  0.0
2 7 10 11 15  0.0
2 7 10 10 16  0.0
2 7 9 12 15  0.0
2 7 9 11 16  0.0
2 7 9 10 17  0.0
2 7 9 9 18  0.0
2 7 8 14 14  0.0
2 7 8 13 15  0.0
2 7 8 12 16  0.0
2 7 8 11 17  0.0
2 7 8 9 19  0.0
2 7 7 14 15  0.0
2 7 7 13 16  0.0
2 7 7 12 17  0.0
2 7 7 11 18  0.0
2 7 7 10 19  0.0
2 6 12 12 13  -0.0
2 6 11 13 13  -0.0
2 6 11 12 14  0.0
2 6 11 11 15  0.0
2 6 10 11 16  0.0
2 6 10 10 17  0.0
2 6 9 13 15  0.0
2 6 9 12 16  0.0
2 6 9 11 17  0.0
2 6 9 10 18  0.0
2 6 9 9 19  0.0
2 6 8 14 15  0.0
2 6 8 13 16  0.0
2 6 8 12 17  0.0
2 6 8 10 19  0.0
2 6 7 15 15  0.0
2 6 7 13 17  0.0
2 6 7 11 19  0.0
2 6 6 15 16  0.0
2 6 6 13 18  0.0
2 6 6 12 19  0.0
2 5 12 13 13  0.0
2 5 11 13 14  0.0
2 5 11 12 15  0.0
2 5 10 14 14  0.0
2 5 10 13 15  0.0
2 5 10 11 17  0.0
2 5 9 14 15  0.0
2 5 9 13 16  0.0
2 5 9 12 17  0.0
2 5 9 11 18  0.0
2 5 9 10 19  0.0
2 5 8 15 15  0.0
2 5 8 14 16  0.0
2 5 8 13 17  0.0
2 5 8 12 18  0.0
2 5 8 11 19  0.0
2 5 7 15 16  0.0
2 5 7 14 17  0.0
2 5 7 13 18  0.0
2 5 7 12 19  0.0
2 5 6 14 18  0.0
2 5 6 13 19  0.0
2 5 5 16 17  0.0
2 5 5 15 18  0.0
2 5 5 14 19  0.0
2 4 13 13 13  0.0
2 4 12 12 15  0.0
2 4 11 13 15  0.0
2 4 11 11 17  0.0
2 4 10 14 15  0.0
2 4 10 12 17  0.0
2 4 10 11 18  0.0
2 4 10 10 19  0.0
2 4 9 15 15  0.0
2 4 9 13 17  0.0
2 4 9 11 19  0.0
2 4 8 13 18  0.0
2 4 8 12 19  0.0
2 4 7 15 17  0.0
2 4 7 14 18  0.0
2 4 7 13 19  0.0
2 4 6 16 17  0.0
2 4 6 15 18  -0.0
2 4 6 14 19  -0.0
2 4 5 17 17  0.0
2 4 5 16 18  -0.0
2 4 5 15 19  -0.0
2 4 4 17 18  -0.0
2 4 4 16 19  -0.0
2 3 12 13 15  0.0
2 3 12 12 16  0.0
2 3 11 14 15  0.0
2 3 11 13 16  0.0
2 3 11 12 17  0.0
2 3 11 11 18  0.0
2 3 10 15 15  -0.0
2 3 10 13 17  0.0
2 3 9 15 16  0.0
2 3 9 14 17  0.0
2 3 9 13 18  0.0
2 3 9 12 19  0.0
2 3 8 15 17  0.0
2 3 8 14 18  -0.0
2 3 8 13 19  0.0
2 3 7 16 17  0.0
2 3 7 15 18  -0.0
2 3 7 14 19  -0.0
2 3 6 17 17  0.0
2 3 6 16 18  0.0
2 3 6 15 19  -0.0
2 3 5 17 18  0.0
2 3 5 16 19  -0.0
2 3 4 18 18  -0.0
2 3 4 17 19  -0.0
2 3 3 18 19  -0.0
2 2 13 13 15  0.0
2 2 12 14 15  0.0
2 2 12 13 16  0.0
2 2 12 12 17  0.0
2 2 11 15 15  -0.0
2 2 11 14 16  0.0
2 2 11 13 17  0.0
2 2 11 12 18  0.0
2 2 11 11 19  0.0
2 2 10 15 16  0.0
2 2 10 14 17  0.0
2 2 10 13 18  0.0
2 2 9 16 16  0.0
2 2 9 15 17  0.0
2 2 9 14 18  -0.0
2 2 9 13 19  -0.0
2 2 8 16 17  0.0
2 2 8 15 18  -0.0
2 2 8 14 19  -0.0
2 2 7 17 17  0.0
2 2 7 16 18  0.0
2 2 7 15 19  -0.0
2 2 6 17 18  0.0
2 2 6 16 19  0.0
2 2 5 18 18  0.0
2 2 5 17 19  0.0
2 2 4 18 19  0.0
2 2 3 19 19  0.0
1 11 11 11 11  -0.0
1 10 11 11 12  -0.0
1 10 10 12 12  -0.0
1 10 10 11 13  -0.0
1 10 10 10 14  0.0
1 9 11 12 12  -0.0
1 9 11 11 13  -0.0
1 9 10 12 13  -0.0
1 9 10 11 14  0.0
1 9 10 10 15  0.0
1 9 9 13 13  0.0
1 9 9 12 14  0.0
1 9 9 11 15  0.0
1 9 9 10 16  0.0
1 9 9 9 17  0.0
1 8 12 12 12  -0.0
1 8 11 12 13  -0.0
1 8 11 11 14  -0.0
1 8 10 13 13  -0.0
1 8 10 12 14  0.0
1 8 10 11 15  0.0
1 8 10 10 16  0.0
1 8 9 13 14  0.0
1 8 9 12 15  0.0
1 8 9 11 16  0.0
1 8 9 10 17  -0.0
1 8 8 14 14  0.0
1 8 8 13 15  0.0
1 8 8 12 16  0.0
1 8 8 11 17  0.0
1 8 8 9 19  0.0
1 7 12 12 13  -0.0
1 7 11 13 13  -0.0
1 7 11 12 14  0.0
1 7 11 11 15  0.0
1 7 10 13 14  0.0
1 7 10 12 15  0.0
1 7 10 11 16  0.0
1 7 10 10 17  -0.0
1 7 9 14 14  0.0
1 7 9 13 15  0.0
1 7 9 12 16  0.0
1 7 9 11 17  0.0
1 7 9 10 18  0.0
1 7 9 9 19  0.0
1 7 8 14 15  0.0
1 7 8 13 16  0.0
1 7 8 12 17  0.0
1 7 8 11 18  0.0
1 7 8 10 19  0.0
1 7 7 15 15  0.0
1 7 7 13 17  0.0
1 7 7 12 18  0.0
1 7 7 11 19  0.0
1 6 12 13 13  0.0
1 6 11 13 14  0.0
1 6 11 12 15  0.0
1 6 11 11 16  0.0
1 6 10 14 14  0.0
1 6 10 13 15  0.0
1 6 10 12 16  0.0
1 6 10 11 17  0.0
1 6 9 14 15  0.0
1 6 9 13 16  0.0
1 6 9 12 17  0.0
1 6 9 11 18  0.0
1 6 9 10 19  0.0
1 6 8 15 15  0.0
1 6 8 13 17  0.0
1 6 8 11 19  0.0
1 6 7 15 16  0.0
1 6 7 13 18  0.0
1 6 7 12 19  0.0
1 6 6 16 16  0.0
1 6 6 15 17  0.0
1 6 6 14 18  0.0
1 6 6 13 19  0.0
1 5 12 12 15  0.0
1 5 11 14 14  0.0
1 5 11 13 15  0.0
1 5 11 12 16  0.0
1 5 11 11 17  0.0
1 5 10 14 15  0.0
1 5 10 13 16  0.0
1 5 10 12 17  0.0
1 5 10 11 18  0.0
1 5 10 10 19  0.0
1 5 9 15 15  0.0
1 5 9 13 17  0.0
1 5 9 12 18  0.0
1 5 9 11 19  0.0
1 5 8 15 16  0.0
1 5 8 14 17  0.0
1 5 8 13 18  0.0
1 5 8 12 19  0.0
1 5 7 16 16  0.0
1 5 7 15 17  0.0
1 5 7 14 18  0.0
1 5 7 13 19  0.0
1 5 6 16 17  0.0
1 5 6 15 18  -0.0
1 5 6 14 19  -0.0
1 5 5 17 17  -0.0
1 5 5 16 18  -0.0
1 5 5 15 19  -0.0
1 4 13 13 14  0.0
1 4 12 14 14  0.0
1 4 12 13 15  0.0
1 4 12 12 16  0.0
1 4 11 14 15  0.0
1 4 11 13 16  0.0
1 4 11 12 17  0.0
1 4 11 11 18  0.0
1 4 10 15 15  0.0
1 4 10 14 16  0.0
1 4 10 13 17  0.0
1 4 10 12 18  0.0
1 4 10 11 19  0.0
1 4 9 15 16  0.0
1 4 9 14 17  0.0
1 4 9 13 18  0.0
1 4 9 12 19  0.0
1 4 8 15 17  0.0
1 4 8 14 18  -0.0
1 4 8 13 19  0.0
1 4 7 16 17  0.0
1 4 7 15 18  -0.0
1 4 7 14 19  -0.0
1 4 6 17 17  -0.0
1 4 6 16 18  -0.0
1 4 6 15 19  -0.0
1 4 5 17 18  -0.0
1 4 5 16 19  -0.0
1 4 4 18 18  -0.0
1 4 4 17 19  -0.0
1 3 13 14 14  0.0
1 3 13 13 15  0.0
1 3 12 14 15  0.0
1 3 12 13 16  0.0
1 3 12 12 17  0.0
1 3 11 15 15  -0.0
1 3 11 14 16  0.0
1 3 11 13 17  0.0
1 3 11 12 18  0.0
1 3 10 15 16  0.0
1 3 10 14 17  0.0
1 3 10 13 18  0.0
1 3 10 12 19  0.0
1 3 9 15 17  0.0
1 3 9 14 18  -0.0
1 3 9 13 19  -0.0
1 3 8 16 17  0.0
1 3 8 15 18  -0.0
1 3 8 14 19  -0.0
1 3 7 17 17  0.0
1 3 7 16 18  0.0
1 3 7 15 19  -0.0
1 3 6 17 18  0.0
1 3 6 16 19  -0.0
1 3 5 18 18  0.0
1 3 5 17 19  0.0
1 3 4 18 19  -0.0
1 3 3 19 19  0.0
1 2 14 14 14  0.0
1 2 13 14 15  0.0
1 2 13 13 16  0.0
1 2 12 15 15  0.0
1 2 12 14 16  0.0
1 2 12 13 17  0.0
1 2 12 12 18  0.0
1 2 11 15 16  0.0
1 2 11 14 17  0.0
1 2 11 13 18  0.0
1 2 11 12 19  0.0
1 2 10 16 16  0.0
1 2 10 15 17  0.0
1 2 10 14 18  -0.0
1 2 10 13 19  -0.0
1 2 9 16 17  0.0
1 2 9 15 18  -0.0
1 2 9 14 19  -0.0
1 2 8 17 17  0.0
1 2 8 16 18  0.0
1 2 8 15 19  -0.0
1 2 7 17 18  0.0
1 2 7 16 19  0.0
1 2 6 18 18  0.0
1 2 6 17 19  0.0
1 2 5 18 19  0.0
1 2 4 19 19  0.0
1 1 14 14 15  0.0
1 1 13 15 15  0.0
1 1 13 14 16  0.0
1 1 13 13 17  0.0
1 1 12 15 16  0.0
1 1 12 14 17  0.0
1 1 12 13 18  0.0
1 1 12 12 19  0.0
1 1 11 16 16  0.0
1 1 11 15 17  0.0
1 1 11 14 18  0.0
1 1 11 13 19  0.0
1 1 10 15 18  -0.0
1 1 10 14 19  -0.0
1 1 9 16 18  0.0
1 1 9 15 19  -0.0
1 1 8 17 18  0.0
1 1 8 16 19  0.0
1 1 7 18 18  0.0
1 1 7 17 19  0.0
1 1 6 18 19  -0.0
1 1 5 19 19  -0.0
0 10 11 11 13  0.0
0 10 10 12 13  0.0
0 10 10 11 14  0.0
0 9 12 12 12  0.0
0 9 11 12 13  0.0
0 9 11 11 14  0.0
0 9 10 13 13  0.0
0 9 10 12 14  0.0
0 9 10 11 15  0.0
0 9 9 13 14  0.0
0 9 9 11 16  0.0
0 9 9 9 18  0.0
0 8 11 13 13  0.0
0 8 11 12 14  0.0
0 8 11 11 15  0.0
0 8 10 13 14  0.0
0 8 9 14 14  0.0
0 8 9 13 15  0.0
0 8 9 11 17  0.0
0 8 9 10 18  0.0
0 8 9 9 19  -0.0
0 8 8 14 15  0.0
0 8 8 13 16  0.0
0 8 8 12 17  0.0
0 8 8 11 18  0.0
0 8 8 10 19  -0.0
0 7 12 13 13  0.0
0 7 11 13 14  0.0
0 7 11 12 15  0.0
0 7 11 11 16  0.0
0 7 10 14 14  0.0
0 7 10 13 15  0.0
0 7 10 10 18  0.0
0 7 9 14 15  -0.0
0 7 9 13 16  0.0
0 7 9 12 17  0.0
0 7 9 11 18  0.0
0 7 9 10 19  0.0
0 7 8 15 15  -0.0
0 7 8 14 16  0.0
0 7 8 13 17  0.0
0 7 8 12 18  0.0
0 7 8 11 19  0.0
0 7 7 15 16  0.0
0 7 7 14 17  0.0
0 7 7 13 18  0.0
0 7 7 12 19  0.0
0 6 13 13 13  0.0
0 6 12 13 14  0.0
0 6 12 12 15  0.0
0 6 11 14 14  -0.0
0 6 11 13 15  -0.0
0 6 11 12 16  0.0
0 6 10 14 15  -0.0
0 6 10 13 16  0.0
0 6 10 11 18  0.0
0 6 10 10 19  0.0
0 6 9 15 15  -0.0
0 6 9 14 16  -0.0
0 6 9 13 17  0.0
0 6 9 12 18  0.0
0 6 9 11 19  0.0
0 6 8 15 16  -0.0
0 6 8 14 17  0.0
0 6 8 13 18  0.0
0 6 8 12 19  0.0
0 6 7 16 16  -0.0
0 6 7 15 17  -0.0
0 6 7 14 18  -0.0
0 6 7 13 19  0.0
0 6 6 16 17  0.0
0 6 6 15 18  -0.0
0 6 6 14 19  -0.0
0 5 13 13 14  -0.0
0 5 12 14 14  -0.0
0 5 12 13 15  -0.0
0 5 12 12 16  0.0
0 5 11 14 15  -0.0
0 5 11 13 16  0.0
0 5 11 12 17  0.0
0 5 11 11 18  0.0
0 5 10 15 15  -0.0
0 5 10 14 16  0.0
0 5 10 13 17  0.0
0 5 10 12 18  0.0
0 5 10 11 19  0.0
0 5 9 15 16  -0.0
0 5 9 14 17  0.0
0 5 9 13 18  0.0
0 5 9 12 19  0.0
0 5 8 16 16  0.0
0 5 8 15 17  -0.0
0 5 8 14 18  -0.0
0 5 8 13 19  0.0
0 5 7 16 17  0.0
0 5 7 15 18  -0.0
0 5 7 14 19  -0.0
0 5 6 17 17  0.0
0 5 6 16 18  -0.0
0 5 6 15 19  -0.0
0 5 5 17 18  0.0
0 5 5 16 19  -0.0
0 4 13 14 14  -0.0
0 4 13 13 15  -0.0
0 4 12 14 15  -0.0
0 4 12 13 16  0.0
0 4 12 12 17  0.0
0 4 11 15 15  -0.0
0 4 11 14 16  0.0
0 4 11 13 17  0.0
0 4 11 12 18  0.0
0 4 11 11 19  0.0
0 4 10 15 16  -0.0
0 4 10 14 17  0.0
0 4 10 13 18  0.0
0 4 10 12 19  0.0
0 4 9 16 16  0.0
0 4 9 15 17  0.0
0 4 9 14 18  -0.0
0 4 9 13 19  0.0
0 4 8 16 17  0.0
0 4 8 15 18  -0.0
0 4 8 14 19  -0.0
0 4 7 17 17  0.0
0 4 7 16 18  -0.0
0 4 7 15 19  -0.0
0 4 6 17 18  0.0
0 4 6 16 19  -0.0
0 4 5 18 18  0.0
0 4 5 17 19  0.0
0 4 4 18 19  -0.0
0 3 14 14 14  0.0
0 3 13 14 15  0.0
0 3 13 13 16  0.0
0 3 12 15 15  0.0
0 3 12 14 16  0.0
0 3 12 13 17  0.0
0 3 12 12 18  0.0
0 3 11 15 16  -0.0
0 3 11 14 17  0.0
0 3 11 13 18  -0.0
0 3 11 12 19  0.0
0 3 10 16 16  0.0
0 3 10 15 17  -0.0
0 3 10 14 18  -0.0
0 3 10 13 19  -0.0
0 3 9 16 17  0.0
0 3 9 15 18  -0.0
0 3 9 14 19  -0.0
0 3 8 17 17  0.0
0 3 8 16 18  -0.0
0 3 8 15 19  -0.0
0 3 7 17 18  0.0
0 3 7 16 19  0.0
0 3 6 18 18  0.0
0 3 6 17 19  0.0
0 3 5 18 19  0.0
0 3 4 19 19  -0.0
0 2 14 14 15  0.0
0 2 13 15 15  0.0
0 2 13 14 16  0.0
0 2 13 13 17  0.0
0 2 12 15 16  0.0
0 2 12 14 17  0.0
0 2 12 13 18  0.0
0 2 12 12 19  0.0
0 2 11 16 16  0.0
0 2 11 15 17  0.0
0 2 11 14 18  -0.0
0 2 11 13 19  -0.0
0 2 10 16 17  0.0
0 2 10 15 18  -0.0
0 2 10 14 19  -0.0
0 2 9 17 17  0.0
0 2 9 16 18  -0.0
0 2 9 15 19  -0.0
0 2 8 17 18  -0.0
0 2 8 16 19  -0.0
0 2 7 18 18  -0.0
0 2 7 17 19  -0.0
0 2 6 18 19  0.0
0 2 5 19 19  0.0
0 1 14 15 15  0.0
0 1 14 14 16  0.0
0 1 13 15 16  0.0
0 1 13 14 17  0.0
0 1 13 13 18  0.0
0 1 12 16 16  0.0
0 1 12 15 17  0.0
0 1 12 14 18  0.0
0 1 12 13 19  0.0
0 1 11 16 17  0.0
0 1 11 15 18  -0.0
0 1 11 14 19  -0.0
0 1 10 17 17  0.0
0 1 10 16 18  -0.0
0 1 10 15 19  -0.0
0 1 9 17 18  -0.0
0 1 9 16 19  -0.0
0 1 8 18 18  -0.0
0 1 8 17 19  -0.0
0 1 7 18 19  0.0
0 1 6 19 19  -0.0
0 0 15 15 15  0.0
0 0 14 14 17  0.0
0 0 13 15 17  0.0
0 0 12 16 17  0.0
0 0 11 17 17  0.0
0 0 11 15 19  -0.0
0 0 10 17 18  0.0
0 0 10 16 19  -0.0
0 0 9 18 18  -0.0
0 0 9 17 19  -0.0
0 0 8 18 19  -0.0
0 0 7 19 19  -0.0
