---------------------------------------------
Maximizing: 1p1+1p2+1p3+1p4+1p5+1p6+1p7

Optimal Distribution: 
[0, 0, 0, 0, 5]  p1  =  0.0
[0, 0, 0, 1, 4]  p2  =  -0.0
[0, 0, 0, 2, 3]  p3  =  -0.0
[0, 0, 1, 1, 3]  p4  =  0.0
[0, 0, 1, 2, 2]  p5  =  0.308
[0, 1, 1, 1, 2]  p6  =  0.323
[1, 1, 1, 1, 1]  p7  =  0.368
Responses by Player Two: 
[0, 0, 0, 0, 5] 0.954
[0, 0, 0, 1, 4] 0.879
[0, 0, 0, 2, 3] 0.784
[0, 0, 1, 1, 3] 0.667
[0, 0, 1, 2, 2] 0.5
[0, 1, 1, 1, 2] 0.5
[1, 1, 1, 1, 1] 0.5

---------------------------------------------
Maximizing: 2p1+2p2+2p3+2p4+1p5+1p6+1p7

Optimal Distribution: 
[0, 0, 0, 0, 5]  p1  =  -0.0
[0, 0, 0, 1, 4]  p2  =  -0.0
[0, 0, 0, 2, 3]  p3  =  -0.0
[0, 0, 1, 1, 3]  p4  =  -0.0
[0, 0, 1, 2, 2]  p5  =  0.266
[0, 1, 1, 1, 2]  p6  =  0.322
[1, 1, 1, 1, 1]  p7  =  0.412
Responses by Player Two --> Player One Probability of Win
[0, 0, 0, 0, 5]  -->  0.96
[0, 0, 0, 1, 4]  -->  0.891
[0, 0, 0, 2, 3]  -->  0.802
[0, 0, 1, 1, 3]  -->  0.675
[0, 0, 1, 2, 2]  -->  0.5
[0, 1, 1, 1, 2]  -->  0.5
[1, 1, 1, 1, 1]  -->  0.5
---------------------------------------------
Maximizing: 1p1+1p2+2p3+1p4+2p5+1p6+1p7

Optimal Distribution: 
[0, 0, 0, 0, 5]  p1  =  -0.0
[0, 0, 0, 1, 4]  p2  =  0.0
[0, 0, 0, 2, 3]  p3  =  -0.0
[0, 0, 1, 1, 3]  p4  =  0.0
[0, 0, 1, 2, 2]  p5  =  -0.0
[0, 1, 1, 1, 2]  p6  =  0.424
[1, 1, 1, 1, 1]  p7  =  0.576
Responses by Player Two --> Player One Probability of Win
[0, 0, 0, 0, 5]  -->  1.0
[0, 0, 0, 1, 4]  -->  0.952
[0, 0, 0, 2, 3]  -->  0.889
[0, 0, 1, 1, 3]  -->  0.718
[0, 0, 1, 2, 2]  -->  0.5
[0, 1, 1, 1, 2]  -->  0.5
[1, 1, 1, 1, 1]  -->  0.5
---------------------------------------------
Maximizing: 1p1+1p2+2p3+1p4+1p5+1p6+1p7

Optimal Distribution: 
[0, 0, 0, 0, 5]  p1  =  -0.0
[0, 0, 0, 1, 4]  p2  =  -0.0
[0, 0, 0, 2, 3]  p3  =  0.0
[0, 0, 1, 1, 3]  p4  =  0.0
[0, 0, 1, 2, 2]  p5  =  0.286
[0, 1, 1, 1, 2]  p6  =  0.327
[1, 1, 1, 1, 1]  p7  =  0.387
Responses by Player Two --> Player One Probability of Win
[0, 0, 0, 0, 5]  -->  0.957
[0, 0, 0, 1, 4]  -->  0.885
[0, 0, 0, 2, 3]  -->  0.793
[0, 0, 1, 1, 3]  -->  0.671
[0, 0, 1, 2, 2]  -->  0.5
[0, 1, 1, 1, 2]  -->  0.5
[1, 1, 1, 1, 1]  -->  0.5
---------------------------------------------
Optimal Distribution: 
[0, 0, 0, 0, 5] p1 = -0.0
[0, 0, 0, 1, 4] p2 = -0.0
[0, 0, 0, 2, 3] p3 = -0.0
[0, 0, 1, 1, 3] p4 = 0.0
[0, 0, 1, 2, 2] p5 = 0.356
[0, 1, 1, 1, 2] p6 = -0.0
[1, 1, 1, 1, 1] p7 = 0.644
Responses by Player Two --> Player One Probability of Win
[0, 0, 0, 0, 5]  -->  0.947
[0, 0, 0, 1, 4]  -->  0.902
[0, 0, 0, 2, 3]  -->  0.849
[0, 0, 1, 1, 3]  -->  0.682
[0, 0, 1, 2, 2]  -->  0.5
[0, 1, 1, 1, 2]  -->  0.5
[1, 1, 1, 1, 1]  -->  0.5
---------------------------------------------




---------------------------------------------
Minimizing: 2p1+1p2+2p3+1p4+1p5+1p6+1p7

Optimal Distribution: 
[0, 0, 0, 0, 5] p1 = 0.0
[0, 0, 0, 1, 4] p2 = -0.0
[0, 0, 0, 2, 3] p3 = 0.0
[0, 0, 1, 1, 3] p4 = 0.0
[0, 0, 1, 2, 2] p5 = 0.308
[0, 1, 1, 1, 2] p6 = 0.327
[1, 1, 1, 1, 1] p7 = 0.365
Responses by Player Two --> Player One Probability of Win
[0, 0, 0, 0, 5]  -->  0.954
[0, 0, 0, 1, 4]  -->  0.879
[0, 0, 0, 2, 3]  -->  0.783
[0, 0, 1, 1, 3]  -->  0.667
[0, 0, 1, 2, 2]  -->  0.5
[0, 1, 1, 1, 2]  -->  0.5
[1, 1, 1, 1, 1]  -->  0.5
---------------------------------------------
Minimizing: 1p1+1p2+1p3+2p4+1p5+2p6+2p7

Optimal Distribution: 
[0, 0, 0, 0, 5] p1 = -0.0
[0, 0, 0, 1, 4] p2 = -0.0
[0, 0, 0, 2, 3] p3 = -0.0
[0, 0, 1, 1, 3] p4 = 0.0
[0, 0, 1, 2, 2] p5 = 1.0
[0, 1, 1, 1, 2] p6 = -0.0
[1, 1, 1, 1, 1] p7 = 0.0
Responses by Player Two --> Player One Probability of Win
[0, 0, 0, 0, 5]  -->  0.85
[0, 0, 0, 1, 4]  -->  0.725
[0, 0, 0, 2, 3]  -->  0.575
[0, 0, 1, 1, 3]  -->  0.558
[0, 0, 1, 2, 2]  -->  0.5
[0, 1, 1, 1, 2]  -->  0.5
[1, 1, 1, 1, 1]  -->  0.5
---------------------------------------------
Minimizing: 1p1+2p2+1p3+1p4+2p5+1p6+1p7

Optimal Distribution: 
[0, 0, 0, 0, 5] p1 = -0.0
[0, 0, 0, 1, 4] p2 = 0.0
[0, 0, 0, 2, 3] p3 = -0.0
[0, 0, 1, 1, 3] p4 = 0.0
[0, 0, 1, 2, 2] p5 = 0.0
[0, 1, 1, 1, 2] p6 = 0.463
[1, 1, 1, 1, 1] p7 = 0.537
Responses by Player Two --> Player One Probability of Win
[0, 0, 0, 0, 5]  -->  1.0
[0, 0, 0, 1, 4]  -->  0.948
[0, 0, 0, 2, 3]  -->  0.879
[0, 0, 1, 1, 3]  -->  0.715
[0, 0, 1, 2, 2]  -->  0.5
[0, 1, 1, 1, 2]  -->  0.5
[1, 1, 1, 1, 1]  -->  0.5
---------------------------------------------
Minimizing: 1p1+2p2+2p3+2p4+1p5+1p6+2p7

Optimal Distribution: 
[0, 0, 0, 0, 5] p1 = -0.0
[0, 0, 0, 1, 4] p2 = -0.0
[0, 0, 0, 2, 3] p3 = -0.0
[0, 0, 1, 1, 3] p4 = 0.0
[0, 0, 1, 2, 2] p5 = 0.387
[0, 1, 1, 1, 2] p6 = 0.613
[1, 1, 1, 1, 1] p7 = 0.0
Responses by Player Two --> Player One Probability of Win
[0, 0, 0, 0, 5]  -->  0.942
[0, 0, 0, 1, 4]  -->  0.825
[0, 0, 0, 2, 3]  -->  0.675
[0, 0, 1, 1, 3]  -->  0.63
[0, 0, 1, 2, 2]  -->  0.5
[0, 1, 1, 1, 2]  -->  0.5
[1, 1, 1, 1, 1]  -->  0.5
---------------------------------------------
Minimizing: 2p1+2p2+2p3+2p4+2p5+2p6+1p7

Optimal Distribution: 
[0, 0, 0, 0, 5] p1 = 0.0
[0, 0, 0, 1, 4] p2 = -0.0
[0, 0, 0, 2, 3] p3 = -0.0
[0, 0, 1, 1, 3] p4 = -0.0
[0, 0, 1, 2, 2] p5 = 0.0
[0, 1, 1, 1, 2] p6 = 0.0
[1, 1, 1, 1, 1] p7 = 1.0
Responses by Player Two --> Player One Probability of Win
[0, 0, 0, 0, 5]  -->  1.0
[0, 0, 0, 1, 4]  -->  1.0
[0, 0, 0, 2, 3]  -->  1.0
[0, 0, 1, 1, 3]  -->  0.75
[0, 0, 1, 2, 2]  -->  0.5
[0, 1, 1, 1, 2]  -->  0.5
[1, 1, 1, 1, 1]  -->  0.5
---------------------------------------------

