Maximal entropy distributions for 10 digits of precision

N=5
Entropy:  1.098612403897125
Ratio entropy/log(n):  0.5645750932695796
Probability distribution: 
1. [1, 1, 1, 1, 1] p= 0.3333333355
2. [0, 1, 1, 1, 2] p= 0.3333333315
3. [0, 0, 1, 2, 2] p= 0.3333333269
4. [0, 0, 1, 1, 3] p= 5e-09
5. [0, 0, 0, 2, 3] p= 0
6. [0, 0, 0, 1, 4] p= 0
7. [0, 0, 0, 0, 5] p= 0

N=10
Entropy:  1.582217931530052
Ratio entropy/log(n):  0.46519438714751293
Probability distribution: 
1. [0, 0, 2, 4, 4] p= 0.26235614
2. [0, 0, 3, 3, 4] p= 0.2055188122
3. [1, 1, 2, 2, 4] p= 0.205518809
4. [0, 1, 2, 3, 4] p= 0.2055188022
5. [0, 2, 2, 2, 4] p= 0.1210873828
6. [1, 1, 1, 3, 4] p= 2.71e-08
7. [0, 2, 2, 3, 3] p= 1.1e-08
8. [2, 2, 2, 2, 2] p= 6e-09
9. [1, 2, 2, 2, 3] p= 4.3e-09
10. [0, 1, 3, 3, 3] p= 3.7e-09
11. [1, 1, 2, 3, 3] p= 2.6e-09
12. [0, 0, 2, 3, 5] p= 1.6e-09
13. [0, 1, 2, 2, 5] p= 1.5e-09
14. [0, 0, 2, 2, 6] p= 1.4e-09
15. [0, 0, 0, 0, 10] p= 4e-10
16. [1, 1, 1, 2, 5] p= 1e-10
17. [1, 1, 1, 1, 6] p= 0
18. [0, 1, 1, 4, 4] p= 0
19. [0, 1, 1, 3, 5] p= 0
20. [0, 1, 1, 2, 6] p= 0
21. [0, 1, 1, 1, 7] p= 0
22. [0, 0, 1, 4, 5] p= 0
23. [0, 0, 1, 3, 6] p= 0
24. [0, 0, 1, 2, 7] p= 0
25. [0, 0, 1, 1, 8] p= 0
26. [0, 0, 0, 5, 5] p= 0
27. [0, 0, 0, 4, 6] p= 0
28. [0, 0, 0, 3, 7] p= 0
29. [0, 0, 0, 2, 8] p= 0
30. [0, 0, 0, 1, 9] p= 0

N=15
Entropy:  1.5983388671826546
Ratio entropy/log(n):  0.3607323298945488
Probability distribution: 
1. [1, 2, 2, 4, 6] p= 0.3219543453
2. [0, 2, 3, 4, 6] p= 0.2689501953
3. [0, 0, 4, 5, 6] p= 0.2459301628
4. [0, 0, 3, 6, 6] p= 0.0522586603
5. [0, 1, 4, 4, 6] p= 0.0478100697
6. [0, 2, 4, 4, 5] p= 0.0343670816
7. [0, 2, 3, 5, 5] p= 0.0220010502
8. [2, 2, 2, 3, 6] p= 0.0061534103
9. [3, 3, 3, 3, 3] p= 0.0004718152
10. [1, 1, 3, 4, 6] p= 0.0001039979
11. [1, 2, 3, 3, 6] p= 2.388e-07
12. [0, 2, 2, 5, 6] p= 5.28e-08
13. [0, 1, 3, 5, 6] p= 3.05e-08
14. [1, 2, 2, 5, 5] p= 2.46e-08
15. [0, 0, 0, 0, 15] p= 2.18e-08
16. [0, 0, 0, 3, 12] p= 1.6e-08
17. [0, 3, 3, 3, 6] p= 1.53e-08
18. [2, 2, 2, 4, 5] p= 1.45e-08
19. [0, 0, 0, 4, 11] p= 1.41e-08
20. [0, 0, 0, 2, 13] p= 1.39e-08
21. [0, 1, 4, 5, 5] p= 1.25e-08
22. [1, 1, 2, 5, 6] p= 1.11e-08
23. [0, 3, 3, 4, 5] p= 1.01e-08
24. [0, 0, 0, 5, 10] p= 9.8e-09
25. [1, 1, 3, 5, 5] p= 9.3e-09
26. [1, 1, 1, 6, 6] p= 6.8e-09
27. [1, 2, 3, 4, 5] p= 1.6e-09
28. [0, 0, 1, 5, 9] p= 1.5e-09
29. [0, 3, 4, 4, 4] p= 1e-09
30. [2, 3, 3, 3, 4] p= 0
31. [2, 2, 3, 4, 4] p= 0
32. [2, 2, 3, 3, 5] p= 0
33. [2, 2, 2, 2, 7] p= 0
34. [1, 3, 3, 4, 4] p= 0
35. [1, 3, 3, 3, 5] p= 0
36. [1, 2, 4, 4, 4] p= 0
37. [1, 2, 2, 3, 7] p= 0
38. [1, 2, 2, 2, 8] p= 0
39. [1, 1, 4, 4, 5] p= 0
40. [1, 1, 3, 3, 7] p= 0
41. [1, 1, 2, 4, 7] p= 0
42. [1, 1, 2, 3, 8] p= 0
43. [1, 1, 2, 2, 9] p= 0
44. [1, 1, 1, 5, 7] p= 0
45. [1, 1, 1, 4, 8] p= 0
46. [1, 1, 1, 3, 9] p= 0
47. [1, 1, 1, 2, 10] p= 0
48. [1, 1, 1, 1, 11] p= 0
49. [0, 2, 3, 3, 7] p= 0
50. [0, 2, 2, 4, 7] p= 0
51. [0, 2, 2, 3, 8] p= 0
52. [0, 2, 2, 2, 9] p= 0
53. [0, 1, 3, 4, 7] p= 0
54. [0, 1, 3, 3, 8] p= 0
55. [0, 1, 2, 6, 6] p= 0
56. [0, 1, 2, 5, 7] p= 0
57. [0, 1, 2, 4, 8] p= 0
58. [0, 1, 2, 3, 9] p= 0
59. [0, 1, 2, 2, 10] p= 0
60. [0, 1, 1, 6, 7] p= 0
61. [0, 1, 1, 5, 8] p= 0
62. [0, 1, 1, 4, 9] p= 0
63. [0, 1, 1, 3, 10] p= 0
64. [0, 1, 1, 2, 11] p= 0
65. [0, 1, 1, 1, 12] p= 0
66. [0, 0, 5, 5, 5] p= 0
67. [0, 0, 4, 4, 7] p= 0
68. [0, 0, 3, 5, 7] p= 0
69. [0, 0, 3, 4, 8] p= 0
70. [0, 0, 3, 3, 9] p= 0
71. [0, 0, 2, 6, 7] p= 0
72. [0, 0, 2, 5, 8] p= 0
73. [0, 0, 2, 4, 9] p= 0
74. [0, 0, 2, 3, 10] p= 0
75. [0, 0, 2, 2, 11] p= 0
76. [0, 0, 1, 7, 7] p= 0
77. [0, 0, 1, 6, 8] p= 0
78. [0, 0, 1, 4, 10] p= 0
79. [0, 0, 1, 3, 11] p= 0
80. [0, 0, 1, 2, 12] p= 0
81. [0, 0, 1, 1, 13] p= 0
82. [0, 0, 0, 7, 8] p= 0
83. [0, 0, 0, 6, 9] p= 0
84. [0, 0, 0, 1, 14] p= 0

N=20
Entropy:  2.185126135375148
Ratio entropy/log(n):  0.41562112389123396
Probability distribution: 
1. [0, 0, 6, 6, 8] p= 0.2129545223
2. [0, 2, 4, 6, 8] p= 0.1645549723
3. [2, 2, 2, 6, 8] p= 0.1496333952
4. [0, 4, 4, 4, 8] p= 0.1482548822
5. [0, 3, 4, 6, 7] p= 0.0769626756
6. [1, 2, 4, 5, 8] p= 0.0734203613
7. [2, 2, 4, 4, 8] p= 0.0560283304
8. [1, 2, 3, 6, 8] p= 0.0442701907
9. [1, 1, 5, 5, 8] p= 0.0258969788
10. [0, 3, 3, 7, 7] p= 0.020173957
11. [0, 2, 5, 5, 8] p= 0.0178932186
12. [1, 2, 3, 5, 9] p= 0.0052564312
13. [2, 2, 3, 5, 8] p= 0.0019913414
14. [0, 3, 3, 6, 8] p= 0.0011892181
15. [1, 1, 4, 6, 8] p= 0.0004011093
16. [4, 4, 4, 4, 4] p= 0.0003845946
17. [2, 2, 2, 5, 9] p= 0.0003702373
18. [2, 2, 2, 7, 7] p= 0.0001378111
19. [0, 3, 4, 5, 8] p= 9.43601e-05
20. [0, 1, 5, 6, 8] p= 4.0457e-05
21. [2, 3, 3, 4, 8] p= 3.06508e-05
22. [1, 3, 4, 4, 8] p= 7.5657e-06
23. [3, 3, 3, 4, 7] p= 5.0993e-06
24. [1, 3, 3, 5, 8] p= 4.6134e-06
25. [3, 3, 3, 3, 8] p= 4.2813e-06
26. [0, 0, 5, 6, 9] p= 2.5101e-06
27. [0, 4, 4, 5, 7] p= 2.2884e-06
28. [0, 2, 6, 6, 6] p= 1.9283e-06
29. [0, 2, 5, 6, 7] p= 1.5501e-06
30. [1, 2, 3, 7, 7] p= 1.4375e-06
31. [0, 3, 5, 5, 7] p= 1.2799e-06
32. [0, 4, 4, 6, 6] p= 1.041e-06
33. [3, 3, 4, 4, 6] p= 1.0078e-06
34. [1, 2, 4, 4, 9] p= 9.462e-07
35. [1, 3, 3, 4, 9] p= 9.14e-07
36. [3, 4, 4, 4, 5] p= 7.754e-07
37. [0, 0, 5, 7, 8] p= 7.648e-07
38. [0, 3, 5, 6, 6] p= 7.338e-07
39. [3, 3, 4, 5, 5] p= 6.641e-07
40. [0, 2, 4, 7, 7] p= 6.351e-07
41. [0, 1, 1, 9, 9] p= 5.804e-07
42. [2, 2, 3, 6, 7] p= 5.673e-07
43. [1, 1, 4, 5, 9] p= 5.628e-07
44. [1, 1, 1, 8, 9] p= 5.112e-07
45. [0, 0, 1, 9, 10] p= 5.01e-07
46. [1, 2, 4, 6, 7] p= 4.897e-07
47. [2, 3, 5, 5, 5] p= 4.887e-07
48. [3, 3, 3, 5, 6] p= 4.833e-07
49. [2, 2, 3, 4, 9] p= 4.687e-07
50. [2, 3, 3, 6, 6] p= 4.652e-07
51. [1, 1, 6, 6, 6] p= 4.43e-07
52. [0, 3, 3, 5, 9] p= 4.282e-07
53. [0, 1, 1, 8, 10] p= 4.278e-07
54. [0, 0, 0, 9, 11] p= 4.197e-07
55. [0, 0, 0, 10, 10] p= 4.194e-07
56. [1, 1, 5, 6, 7] p= 4e-07
57. [0, 0, 2, 9, 9] p= 3.848e-07
58. [1, 2, 2, 7, 8] p= 3.679e-07
59. [0, 0, 4, 8, 8] p= 3.665e-07
60. [0, 0, 1, 8, 11] p= 3.584e-07
61. [1, 3, 3, 6, 7] p= 3.578e-07
62. [1, 4, 5, 5, 5] p= 3.45e-07
63. [1, 1, 3, 7, 8] p= 3.394e-07
64. [0, 2, 3, 7, 8] p= 3.392e-07
65. [1, 1, 4, 7, 7] p= 3.263e-07
66. [2, 2, 4, 6, 6] p= 3.204e-07
67. [0, 3, 4, 4, 9] p= 3.186e-07
68. [2, 2, 5, 5, 6] p= 3.172e-07
69. [0, 0, 0, 5, 15] p= 3.097e-07
70. [0, 0, 0, 8, 12] p= 3.037e-07
71. [0, 1, 2, 8, 9] p= 2.941e-07
72. [0, 4, 5, 5, 6] p= 2.858e-07
73. [1, 3, 5, 5, 6] p= 2.838e-07
74. [2, 3, 4, 5, 6] p= 2.821e-07
75. [2, 3, 3, 3, 9] p= 2.788e-07
76. [0, 2, 4, 5, 9] p= 2.761e-07
77. [1, 2, 5, 5, 7] p= 2.75e-07
78. [2, 4, 4, 5, 5] p= 2.745e-07
79. [0, 1, 4, 7, 8] p= 2.743e-07
80. [0, 0, 2, 8, 10] p= 2.713e-07
81. [1, 1, 2, 8, 8] p= 2.704e-07
82. [2, 3, 4, 4, 7] p= 2.7e-07
83. [1, 1, 1, 7, 10] p= 2.659e-07
84. [0, 1, 5, 5, 9] p= 2.634e-07
85. [0, 1, 1, 7, 11] p= 2.485e-07
86. [1, 1, 3, 6, 9] p= 2.444e-07
87. [0, 0, 0, 6, 14] p= 2.417e-07
88. [1, 2, 5, 6, 6] p= 2.4e-07
89. [0, 0, 1, 5, 14] p= 2.384e-07
90. [0, 0, 1, 7, 12] p= 2.353e-07
91. [0, 1, 3, 8, 8] p= 2.325e-07
92. [2, 4, 4, 4, 6] p= 2.29e-07
93. [1, 3, 4, 6, 6] p= 2.271e-07
94. [0, 0, 1, 6, 13] p= 2.26e-07
95. [0, 2, 3, 6, 9] p= 2.257e-07
96. [2, 3, 3, 5, 7] p= 2.249e-07
97. [0, 0, 0, 7, 13] p= 2.237e-07
98. [1, 4, 4, 5, 6] p= 2.233e-07
99. [1, 1, 2, 7, 9] p= 2.16e-07
100. [2, 2, 4, 5, 7] p= 2.085e-07
101. [0, 1, 4, 6, 9] p= 2.041e-07
102. [0, 1, 6, 6, 7] p= 2.036e-07
103. [0, 1, 1, 6, 12] p= 1.998e-07
104. [0, 1, 3, 7, 9] p= 1.987e-07
105. [1, 2, 2, 6, 9] p= 1.96e-07
106. [0, 0, 2, 7, 11] p= 1.957e-07
107. [0, 1, 2, 7, 10] p= 1.893e-07
108. [0, 2, 2, 7, 9] p= 1.875e-07
109. [0, 3, 3, 3, 11] p= 1.865e-07
110. [0, 0, 3, 8, 9] p= 1.85e-07
111. [0, 2, 2, 8, 8] p= 1.844e-07
112. [1, 3, 3, 3, 10] p= 1.826e-07
113. [1, 3, 4, 5, 7] p= 1.787e-07
114. [0, 1, 5, 7, 7] p= 1.754e-07
115. [0, 0, 2, 5, 13] p= 1.744e-07
116. [0, 0, 2, 6, 12] p= 1.676e-07
117. [1, 1, 1, 6, 11] p= 1.638e-07
118. [0, 5, 5, 5, 5] p= 1.55e-07
119. [0, 1, 1, 5, 13] p= 1.55e-07
120. [0, 0, 4, 7, 9] p= 1.548e-07
121. [1, 4, 4, 4, 7] p= 1.44e-07
122. [0, 0, 3, 5, 12] p= 1.423e-07
123. [0, 0, 3, 7, 10] p= 1.397e-07
124. [0, 1, 2, 6, 11] p= 1.364e-07
125. [0, 0, 3, 6, 11] p= 1.356e-07
126. [2, 2, 3, 3, 10] p= 1.294e-07
127. [0, 3, 3, 4, 10] p= 1.287e-07
128. [0, 1, 3, 6, 10] p= 1.23e-07
129. [0, 1, 2, 5, 12] p= 1.21e-07
130. [0, 0, 3, 4, 13] p= 1.105e-07
131. [2, 2, 2, 4, 10] p= 1.085e-07
132. [0, 2, 2, 6, 10] p= 1.078e-07
133. [0, 0, 3, 3, 14] p= 1.043e-07
134. [1, 2, 3, 3, 11] p= 1.031e-07
135. [0, 0, 0, 4, 16] p= 1.022e-07
136. [0, 0, 4, 5, 11] p= 1.021e-07
137. [1, 1, 2, 6, 10] p= 9.91e-08
138. [0, 1, 3, 5, 11] p= 9.87e-08
139. [0, 2, 3, 3, 12] p= 9.27e-08
140. [0, 0, 4, 4, 12] p= 9.27e-08
141. [0, 2, 2, 5, 11] p= 9.04e-08
142. [2, 2, 2, 3, 11] p= 8.9e-08
143. [0, 2, 3, 5, 10] p= 8.8e-08
144. [1, 2, 3, 4, 10] p= 8.69e-08
145. [0, 2, 3, 4, 11] p= 7.47e-08
146. [0, 1, 4, 5, 10] p= 6.79e-08
147. [1, 2, 2, 5, 10] p= 6.19e-08
148. [1, 1, 1, 5, 12] p= 5.98e-08
149. [1, 2, 2, 4, 11] p= 5.97e-08
150. [0, 0, 6, 7, 7] p= 5.75e-08
151. [1, 1, 2, 5, 11] p= 5.69e-08
152. [0, 1, 3, 4, 12] p= 5.63e-08
153. [0, 0, 4, 6, 10] p= 4.99e-08
154. [1, 1, 3, 5, 10] p= 4.88e-08
155. [0, 1, 4, 4, 11] p= 4.64e-08
156. [0, 1, 3, 3, 13] p= 4.05e-08
157. [0, 0, 5, 5, 10] p= 3.93e-08
158. [2, 2, 2, 2, 12] p= 3.87e-08
159. [0, 2, 4, 4, 10] p= 3.74e-08
160. [0, 2, 2, 4, 12] p= 2.91e-08
161. [0, 0, 2, 4, 14] p= 2.76e-08
162. [1, 2, 2, 3, 12] p= 2.04e-08
163. [0, 0, 1, 4, 15] p= 1.42e-08
164. [1, 1, 4, 4, 10] p= 4.2e-09
165. [1, 1, 3, 4, 11] p= 1.7e-09
166. [1, 2, 2, 2, 13] p= 0
167. [1, 1, 3, 3, 12] p= 0
168. [1, 1, 2, 4, 12] p= 0
169. [1, 1, 2, 3, 13] p= 0
170. [1, 1, 2, 2, 14] p= 0
171. [1, 1, 1, 4, 13] p= 0
172. [1, 1, 1, 3, 14] p= 0
173. [1, 1, 1, 2, 15] p= 0
174. [1, 1, 1, 1, 16] p= 0
175. [0, 2, 2, 3, 13] p= 0
176. [0, 2, 2, 2, 14] p= 0
177. [0, 1, 2, 4, 13] p= 0
178. [0, 1, 2, 3, 14] p= 0
179. [0, 1, 2, 2, 15] p= 0
180. [0, 1, 1, 4, 14] p= 0
181. [0, 1, 1, 3, 15] p= 0
182. [0, 1, 1, 2, 16] p= 0
183. [0, 1, 1, 1, 17] p= 0
184. [0, 0, 2, 3, 15] p= 0
185. [0, 0, 2, 2, 16] p= 0
186. [0, 0, 1, 3, 16] p= 0
187. [0, 0, 1, 2, 17] p= 0
188. [0, 0, 1, 1, 18] p= 0
189. [0, 0, 0, 3, 17] p= 0
190. [0, 0, 0, 2, 18] p= 0
191. [0, 0, 0, 1, 19] p= 0
192. [0, 0, 0, 0, 20] p= 0

N=25
Entropy:  2.7469663238885156
Ratio entropy/log(n):  0.4630567748111287
Probability distribution: 
1. [1, 4, 4, 6, 10] p= 0.1525301224
2. [0, 0, 7, 8, 10] p= 0.1360420245
3. [0, 3, 6, 8, 8] p= 0.098821527
4. [2, 2, 5, 6, 10] p= 0.0885881294
5. [2, 2, 4, 7, 10] p= 0.0652385492
6. [0, 4, 5, 6, 10] p= 0.0599616967
7. [0, 0, 6, 9, 10] p= 0.0510719148
8. [1, 3, 3, 9, 9] p= 0.0498323945
9. [2, 2, 5, 8, 8] p= 0.0488026738
10. [1, 2, 6, 8, 8] p= 0.0329077943
11. [2, 4, 4, 5, 10] p= 0.0323021677
12. [1, 2, 6, 6, 10] p= 0.030637928
13. [0, 4, 6, 7, 8] p= 0.0295341482
14. [2, 3, 4, 8, 8] p= 0.0285396227
15. [2, 2, 3, 8, 10] p= 0.019628854
16. [1, 2, 4, 9, 9] p= 0.0185267629
17. [2, 3, 4, 6, 10] p= 0.0172575279
18. [0, 5, 6, 6, 8] p= 0.0138992708
19. [0, 4, 5, 8, 8] p= 0.0098690247
20. [0, 4, 6, 6, 9] p= 0.0046324244
21. [0, 5, 5, 7, 8] p= 0.0030814709
22. [3, 4, 4, 4, 10] p= 0.0022478566
23. [4, 4, 4, 4, 9] p= 0.0018999087
24. [1, 4, 5, 5, 10] p= 0.001659721
25. [2, 2, 3, 9, 9] p= 0.0010207381
26. [0, 3, 6, 6, 10] p= 0.0007016114
27. [3, 3, 4, 5, 10] p= 0.0005739111
28. [1, 3, 5, 6, 10] p= 1.54203e-05
29. [1, 3, 3, 8, 10] p= 1.24092e-05
30. [3, 3, 3, 6, 10] p= 1.21246e-05
31. [1, 2, 7, 7, 8] p= 9.2957e-06
32. [2, 3, 5, 5, 10] p= 8.1739e-06
33. [2, 2, 4, 8, 9] p= 8.1693e-06
34. [3, 3, 3, 8, 8] p= 7.0699e-06
35. [0, 5, 6, 7, 7] p= 4.8346e-06
36. [0, 6, 6, 6, 7] p= 4.0871e-06
37. [2, 3, 3, 7, 10] p= 4.0539e-06
38. [0, 2, 7, 8, 8] p= 3.9948e-06
39. [0, 4, 4, 8, 9] p= 3.6683e-06
40. [0, 5, 5, 5, 10] p= 3.501e-06
41. [1, 2, 4, 8, 10] p= 3.4891e-06
42. [0, 1, 6, 8, 10] p= 2.9227e-06
43. [0, 4, 4, 7, 10] p= 2.7549e-06
44. [0, 3, 7, 7, 8] p= 2.6775e-06
45. [1, 4, 4, 8, 8] p= 2.5658e-06
46. [0, 2, 6, 7, 10] p= 2.4802e-06
47. [0, 5, 5, 6, 9] p= 2.2678e-06
48. [1, 2, 5, 7, 10] p= 2.1339e-06
49. [1, 3, 4, 7, 10] p= 2.0874e-06
50. [1, 2, 5, 8, 9] p= 2.0571e-06
51. [0, 4, 5, 7, 9] p= 2.0505e-06
52. [1, 3, 4, 8, 9] p= 2.039e-06
53. [1, 3, 5, 8, 8] p= 2.0298e-06
54. [2, 3, 3, 8, 9] p= 1.8553e-06
55. [0, 3, 4, 9, 9] p= 1.7991e-06
56. [1, 1, 5, 8, 10] p= 1.7824e-06
57. [0, 3, 5, 7, 10] p= 1.6195e-06
58. [0, 2, 5, 8, 10] p= 1.5906e-06
59. [0, 3, 4, 8, 10] p= 1.5787e-06
60. [0, 4, 7, 7, 7] p= 1.5158e-06
61. [2, 2, 6, 7, 8] p= 1.473e-06
62. [2, 2, 2, 9, 10] p= 1.4111e-06
63. [1, 1, 6, 7, 10] p= 1.3459e-06
64. [0, 3, 6, 7, 9] p= 1.333e-06
65. [0, 3, 5, 8, 9] p= 1.2209e-06
66. [3, 4, 4, 5, 9] p= 1.1966e-06
67. [1, 1, 5, 9, 9] p= 1.1585e-06
68. [0, 2, 6, 8, 9] p= 1.0927e-06
69. [3, 3, 4, 7, 8] p= 1.083e-06
70. [2, 4, 4, 7, 8] p= 9.524e-07
71. [3, 3, 4, 6, 9] p= 9.037e-07
72. [2, 3, 5, 7, 8] p= 8.632e-07
73. [1, 2, 3, 9, 10] p= 8.367e-07
74. [1, 3, 6, 7, 8] p= 7.823e-07
75. [2, 2, 7, 7, 7] p= 7.819e-07
76. [2, 3, 4, 7, 9] p= 7.453e-07
77. [1, 1, 7, 8, 8] p= 7.445e-07
78. [2, 4, 4, 6, 9] p= 7.431e-07
79. [2, 2, 6, 6, 9] p= 7.253e-07
80. [3, 4, 6, 6, 6] p= 7.032e-07
81. [0, 2, 5, 9, 9] p= 7.029e-07
82. [2, 2, 5, 7, 9] p= 7.026e-07
83. [0, 0, 5, 10, 10] p= 6.95e-07
84. [3, 4, 4, 6, 8] p= 6.844e-07
85. [2, 5, 6, 6, 6] p= 6.675e-07
86. [3, 4, 4, 7, 7] p= 6.645e-07
87. [3, 3, 6, 6, 7] p= 6.607e-07
88. [0, 1, 7, 7, 10] p= 6.588e-07
89. [3, 3, 5, 7, 7] p= 6.311e-07
90. [2, 3, 6, 6, 8] p= 6.23e-07
91. [1, 2, 6, 7, 9] p= 6.086e-07
92. [3, 3, 3, 7, 9] p= 6.081e-07
93. [3, 4, 5, 6, 7] p= 6.073e-07
94. [2, 4, 6, 6, 7] p= 6.071e-07
95. [2, 3, 6, 7, 7] p= 5.98e-07
96. [2, 5, 5, 6, 7] p= 5.89e-07
97. [3, 5, 5, 6, 6] p= 5.837e-07
98. [2, 4, 5, 5, 9] p= 5.829e-07
99. [0, 1, 5, 9, 10] p= 5.784e-07
100. [1, 3, 7, 7, 7] p= 5.726e-07
101. [1, 4, 4, 7, 9] p= 5.567e-07
102. [1, 3, 6, 6, 9] p= 5.508e-07
103. [0, 3, 3, 9, 10] p= 5.498e-07
104. [2, 3, 5, 6, 9] p= 5.356e-07
105. [2, 4, 5, 7, 7] p= 5.304e-07
106. [4, 4, 4, 6, 7] p= 5.221e-07
107. [0, 0, 8, 8, 9] p= 5.193e-07
108. [2, 4, 5, 6, 8] p= 5.125e-07
109. [0, 2, 7, 7, 9] p= 5.115e-07
110. [1, 4, 5, 6, 9] p= 4.987e-07
111. [3, 3, 5, 6, 8] p= 4.924e-07
112. [0, 0, 7, 7, 11] p= 4.759e-07
113. [4, 4, 4, 5, 8] p= 4.743e-07
114. [3, 5, 5, 5, 7] p= 4.71e-07
115. [1, 3, 5, 7, 9] p= 4.688e-07
116. [2, 5, 5, 5, 8] p= 4.571e-07
117. [3, 3, 5, 5, 9] p= 4.553e-07
118. [1, 5, 5, 5, 9] p= 4.509e-07
119. [1, 1, 6, 8, 9] p= 4.455e-07
120. [1, 6, 6, 6, 6] p= 4.32e-07
121. [1, 1, 4, 9, 10] p= 4.289e-07
122. [0, 2, 4, 9, 10] p= 4.207e-07
123. [1, 4, 6, 6, 8] p= 4.069e-07
124. [1, 4, 5, 7, 8] p= 4.06e-07
125. [0, 0, 6, 8, 11] p= 4.034e-07
126. [0, 1, 8, 8, 8] p= 3.919e-07
127. [4, 4, 5, 6, 6] p= 3.753e-07
128. [1, 4, 6, 7, 7] p= 3.71e-07
129. [1, 5, 6, 6, 7] p= 3.501e-07
130. [1, 1, 1, 9, 13] p= 3.436e-07
131. [1, 1, 7, 7, 9] p= 3.365e-07
132. [3, 4, 5, 5, 8] p= 3.281e-07
133. [1, 1, 1, 10, 12] p= 3.245e-07
134. [1, 2, 2, 9, 11] p= 3.219e-07
135. [0, 1, 6, 9, 9] p= 3.173e-07
136. [1, 2, 2, 10, 10] p= 3.06e-07
137. [1, 5, 5, 6, 8] p= 3.058e-07
138. [0, 1, 1, 9, 14] p= 3.021e-07
139. [1, 1, 2, 9, 12] p= 2.979e-07
140. [1, 1, 2, 10, 11] p= 2.899e-07
141. [0, 0, 1, 9, 15] p= 2.761e-07
142. [1, 5, 5, 7, 7] p= 2.715e-07
143. [0, 1, 1, 10, 13] p= 2.698e-07
144. [0, 0, 0, 9, 16] p= 2.647e-07
145. [2, 3, 3, 3, 14] p= 2.533e-07
146. [4, 4, 5, 5, 7] p= 2.518e-07
147. [0, 0, 0, 7, 18] p= 2.449e-07
148. [0, 0, 1, 10, 14] p= 2.418e-07
149. [0, 0, 0, 10, 15] p= 2.387e-07
150. [1, 1, 1, 11, 11] p= 2.385e-07
151. [0, 1, 2, 9, 13] p= 2.38e-07
152. [2, 2, 2, 8, 11] p= 2.303e-07
153. [2, 4, 4, 4, 11] p= 2.3e-07
154. [3, 3, 3, 3, 13] p= 2.299e-07
155. [2, 2, 5, 5, 11] p= 2.221e-07
156. [0, 1, 2, 10, 12] p= 2.132e-07
157. [0, 1, 2, 11, 11] p= 1.984e-07
158. [0, 0, 2, 9, 14] p= 1.983e-07
159. [0, 1, 7, 8, 9] p= 1.978e-07
160. [3, 3, 4, 4, 11] p= 1.961e-07
161. [2, 2, 4, 6, 11] p= 1.96e-07
162. [0, 0, 1, 7, 17] p= 1.923e-07
163. [0, 3, 5, 6, 11] p= 1.909e-07
164. [0, 3, 3, 3, 16] p= 1.901e-07
165. [0, 2, 6, 6, 11] p= 1.897e-07
166. [0, 2, 2, 9, 12] p= 1.889e-07
167. [1, 4, 4, 5, 11] p= 1.862e-07
168. [0, 0, 7, 9, 9] p= 1.862e-07
169. [0, 2, 2, 10, 11] p= 1.825e-07
170. [2, 3, 4, 5, 11] p= 1.812e-07
171. [0, 0, 2, 10, 13] p= 1.781e-07
172. [1, 1, 3, 9, 11] p= 1.766e-07
173. [1, 3, 5, 5, 11] p= 1.737e-07
174. [0, 0, 2, 7, 16] p= 1.707e-07
175. [0, 4, 4, 6, 11] p= 1.68e-07
176. [0, 1, 1, 11, 12] p= 1.671e-07
177. [1, 2, 5, 6, 11] p= 1.62e-07
178. [3, 3, 3, 5, 11] p= 1.582e-07
179. [0, 0, 2, 11, 12] p= 1.516e-07
180. [0, 1, 6, 7, 11] p= 1.495e-07
181. [0, 2, 5, 7, 11] p= 1.479e-07
182. [1, 3, 4, 6, 11] p= 1.465e-07
183. [0, 0, 0, 6, 19] p= 1.445e-07
184. [1, 1, 3, 10, 10] p= 1.43e-07
185. [0, 4, 5, 5, 11] p= 1.426e-07
186. [2, 2, 3, 3, 15] p= 1.425e-07
187. [2, 3, 3, 6, 11] p= 1.399e-07
188. [1, 2, 3, 8, 11] p= 1.367e-07
189. [1, 1, 6, 6, 11] p= 1.32e-07
190. [0, 0, 1, 11, 13] p= 1.294e-07
191. [0, 0, 1, 12, 12] p= 1.29e-07
192. [0, 2, 3, 10, 10] p= 1.288e-07
193. [0, 1, 5, 8, 11] p= 1.259e-07
194. [0, 0, 5, 5, 15] p= 1.259e-07
195. [0, 0, 5, 9, 11] p= 1.254e-07
196. [0, 0, 0, 11, 14] p= 1.219e-07
197. [0, 1, 1, 7, 16] p= 1.216e-07
198. [0, 0, 0, 12, 13] p= 1.216e-07
199. [0, 0, 4, 4, 17] p= 1.215e-07
200. [0, 0, 3, 4, 18] p= 1.185e-07
201. [2, 2, 3, 7, 11] p= 1.149e-07
202. [0, 0, 0, 4, 21] p= 1.142e-07
203. [0, 2, 3, 3, 17] p= 1.137e-07
204. [0, 0, 0, 8, 17] p= 1.112e-07
205. [0, 2, 3, 9, 11] p= 1.111e-07
206. [0, 0, 2, 6, 17] p= 1.032e-07
207. [1, 3, 3, 3, 15] p= 1.026e-07
208. [0, 3, 3, 4, 15] p= 1.011e-07
209. [0, 1, 3, 9, 12] p= 1.004e-07
210. [0, 1, 2, 7, 15] p= 9.71e-08
211. [0, 0, 3, 3, 19] p= 9.51e-08
212. [0, 3, 4, 7, 11] p= 9.34e-08
213. [0, 2, 4, 8, 11] p= 9.23e-08
214. [1, 2, 2, 8, 12] p= 9.16e-08
215. [0, 0, 3, 9, 13] p= 9.13e-08
216. [1, 1, 1, 8, 14] p= 9e-08
217. [0, 0, 1, 6, 18] p= 8.64e-08
218. [1, 1, 4, 8, 11] p= 8.62e-08
219. [0, 0, 1, 8, 16] p= 8.62e-08
220. [0, 1, 4, 9, 11] p= 8.52e-08
221. [1, 1, 2, 8, 13] p= 8.4e-08
222. [0, 2, 5, 5, 13] p= 8.17e-08
223. [0, 1, 1, 8, 15] p= 7.9e-08
224. [0, 3, 4, 4, 14] p= 7.79e-08
225. [0, 2, 3, 4, 16] p= 7.76e-08
226. [0, 2, 2, 7, 14] p= 7.6e-08
227. [0, 0, 4, 5, 16] p= 7.36e-08
228. [1, 2, 4, 7, 11] p= 7.34e-08
229. [0, 0, 2, 8, 15] p= 7.28e-08
230. [0, 1, 4, 10, 10] p= 7.21e-08
231. [0, 2, 4, 4, 15] p= 6.93e-08
232. [0, 1, 2, 8, 14] p= 6.85e-08
233. [0, 2, 2, 8, 13] p= 6.5e-08
234. [2, 3, 3, 4, 13] p= 6.02e-08
235. [0, 0, 2, 4, 19] p= 5.81e-08
236. [0, 1, 3, 10, 11] p= 5.49e-08
237. [0, 4, 4, 4, 13] p= 5.44e-08
238. [0, 0, 0, 0, 25] p= 4.89e-08
239. [0, 3, 5, 5, 12] p= 4.37e-08
240. [0, 0, 3, 11, 11] p= 4.33e-08
241. [0, 3, 3, 8, 11] p= 4.13e-08
242. [1, 1, 5, 7, 11] p= 4.09e-08
243. [0, 0, 3, 7, 15] p= 4.02e-08
244. [1, 3, 3, 7, 11] p= 3.71e-08
245. [0, 0, 5, 6, 14] p= 3.68e-08
246. [0, 2, 5, 6, 12] p= 3.57e-08
247. [1, 1, 1, 7, 15] p= 3.32e-08
248. [0, 1, 4, 4, 16] p= 3.3e-08
249. [0, 0, 3, 10, 12] p= 3.25e-08
250. [0, 0, 4, 6, 15] p= 2.84e-08
251. [0, 0, 4, 9, 12] p= 2.75e-08
252. [0, 2, 4, 5, 14] p= 2.71e-08
253. [0, 1, 5, 5, 14] p= 2.7e-08
254. [0, 3, 4, 5, 13] p= 2.44e-08
255. [1, 1, 3, 8, 12] p= 2.43e-08
256. [0, 0, 3, 8, 14] p= 2.35e-08
257. [4, 5, 5, 5, 6] p= 2.26e-08
258. [0, 1, 3, 4, 17] p= 2.11e-08
259. [0, 0, 0, 3, 22] p= 2.1e-08
260. [2, 2, 3, 4, 14] p= 2.07e-08
261. [1, 3, 3, 4, 14] p= 1.91e-08
262. [0, 4, 4, 5, 12] p= 1.77e-08
263. [0, 2, 2, 6, 15] p= 1.37e-08
264. [0, 0, 3, 6, 16] p= 1.32e-08
265. [0, 0, 4, 8, 13] p= 1.24e-08
266. [0, 1, 3, 8, 13] p= 1.09e-08
267. [0, 2, 3, 8, 12] p= 8.1e-09
268. [1, 3, 4, 4, 13] p= 6.7e-09
269. [1, 1, 2, 7, 14] p= 6.3e-09
270. [1, 4, 4, 4, 12] p= 5.3e-09
271. [0, 0, 0, 5, 20] p= 5.1e-09
272. [0, 0, 5, 8, 12] p= 4.5e-09
273. [0, 0, 1, 4, 20] p= 4.4e-09
274. [0, 2, 4, 6, 13] p= 2.1e-09
275. [5, 5, 5, 5, 5] p= 0
276. [3, 3, 3, 4, 12] p= 0
277. [2, 3, 4, 4, 12] p= 0
278. [2, 3, 3, 5, 12] p= 0
279. [2, 2, 4, 5, 12] p= 0
280. [2, 2, 4, 4, 13] p= 0
281. [2, 2, 3, 6, 12] p= 0
282. [2, 2, 3, 5, 13] p= 0
283. [2, 2, 2, 7, 12] p= 0
284. [2, 2, 2, 6, 13] p= 0
285. [2, 2, 2, 5, 14] p= 0
286. [2, 2, 2, 4, 15] p= 0
287. [2, 2, 2, 3, 16] p= 0
288. [2, 2, 2, 2, 17] p= 0
289. [1, 3, 4, 5, 12] p= 0
290. [1, 3, 3, 6, 12] p= 0
291. [1, 3, 3, 5, 13] p= 0
292. [1, 2, 5, 5, 12] p= 0
293. [1, 2, 4, 6, 12] p= 0
294. [1, 2, 4, 5, 13] p= 0
295. [1, 2, 4, 4, 14] p= 0
296. [1, 2, 3, 7, 12] p= 0
297. [1, 2, 3, 6, 13] p= 0
298. [1, 2, 3, 5, 14] p= 0
299. [1, 2, 3, 4, 15] p= 0
300. [1, 2, 3, 3, 16] p= 0
301. [1, 2, 2, 7, 13] p= 0
302. [1, 2, 2, 6, 14] p= 0
303. [1, 2, 2, 5, 15] p= 0
304. [1, 2, 2, 4, 16] p= 0
305. [1, 2, 2, 3, 17] p= 0
306. [1, 2, 2, 2, 18] p= 0
307. [1, 1, 5, 6, 12] p= 0
308. [1, 1, 5, 5, 13] p= 0
309. [1, 1, 4, 7, 12] p= 0
310. [1, 1, 4, 6, 13] p= 0
311. [1, 1, 4, 5, 14] p= 0
312. [1, 1, 4, 4, 15] p= 0
313. [1, 1, 3, 7, 13] p= 0
314. [1, 1, 3, 6, 14] p= 0
315. [1, 1, 3, 5, 15] p= 0
316. [1, 1, 3, 4, 16] p= 0
317. [1, 1, 3, 3, 17] p= 0
318. [1, 1, 2, 6, 15] p= 0
319. [1, 1, 2, 5, 16] p= 0
320. [1, 1, 2, 4, 17] p= 0
321. [1, 1, 2, 3, 18] p= 0
322. [1, 1, 2, 2, 19] p= 0
323. [1, 1, 1, 6, 16] p= 0
324. [1, 1, 1, 5, 17] p= 0
325. [1, 1, 1, 4, 18] p= 0
326. [1, 1, 1, 3, 19] p= 0
327. [1, 1, 1, 2, 20] p= 0
328. [1, 1, 1, 1, 21] p= 0
329. [0, 3, 4, 6, 12] p= 0
330. [0, 3, 3, 7, 12] p= 0
331. [0, 3, 3, 6, 13] p= 0
332. [0, 3, 3, 5, 14] p= 0
333. [0, 2, 4, 7, 12] p= 0
334. [0, 2, 3, 7, 13] p= 0
335. [0, 2, 3, 6, 14] p= 0
336. [0, 2, 3, 5, 15] p= 0
337. [0, 2, 2, 5, 16] p= 0
338. [0, 2, 2, 4, 17] p= 0
339. [0, 2, 2, 3, 18] p= 0
340. [0, 2, 2, 2, 19] p= 0
341. [0, 1, 6, 6, 12] p= 0
342. [0, 1, 5, 7, 12] p= 0
343. [0, 1, 5, 6, 13] p= 0
344. [0, 1, 4, 8, 12] p= 0
345. [0, 1, 4, 7, 13] p= 0
346. [0, 1, 4, 6, 14] p= 0
347. [0, 1, 4, 5, 15] p= 0
348. [0, 1, 3, 7, 14] p= 0
349. [0, 1, 3, 6, 15] p= 0
350. [0, 1, 3, 5, 16] p= 0
351. [0, 1, 3, 3, 18] p= 0
352. [0, 1, 2, 6, 16] p= 0
353. [0, 1, 2, 5, 17] p= 0
354. [0, 1, 2, 4, 18] p= 0
355. [0, 1, 2, 3, 19] p= 0
356. [0, 1, 2, 2, 20] p= 0
357. [0, 1, 1, 6, 17] p= 0
358. [0, 1, 1, 5, 18] p= 0
359. [0, 1, 1, 4, 19] p= 0
360. [0, 1, 1, 3, 20] p= 0
361. [0, 1, 1, 2, 21] p= 0
362. [0, 1, 1, 1, 22] p= 0
363. [0, 0, 6, 7, 12] p= 0
364. [0, 0, 6, 6, 13] p= 0
365. [0, 0, 5, 7, 13] p= 0
366. [0, 0, 4, 10, 11] p= 0
367. [0, 0, 4, 7, 14] p= 0
368. [0, 0, 3, 5, 17] p= 0
369. [0, 0, 2, 5, 18] p= 0
370. [0, 0, 2, 3, 20] p= 0
371. [0, 0, 2, 2, 21] p= 0
372. [0, 0, 1, 5, 19] p= 0
373. [0, 0, 1, 3, 21] p= 0
374. [0, 0, 1, 2, 22] p= 0
375. [0, 0, 1, 1, 23] p= 0
376. [0, 0, 0, 2, 23] p= 0
377. [0, 0, 0, 1, 24] p= 0

N=30
Entropy:  3.2168253859159552
Ratio entropy/log(n):  0.49389094675566053
Probability distribution: 
1. [0, 0, 8, 10, 12] p= 0.1414044368
2. [2, 2, 6, 8, 12] p= 0.1230682907
3. [2, 4, 4, 8, 12] p= 0.0782956355
4. [0, 4, 6, 10, 10] p= 0.0617061307
5. [2, 2, 6, 10, 10] p= 0.0536827895
6. [2, 4, 4, 10, 10] p= 0.0421236402
7. [0, 4, 7, 7, 12] p= 0.0388923961
8. [1, 3, 4, 11, 11] p= 0.0341324673
9. [0, 4, 8, 9, 9] p= 0.0299802033
10. [1, 4, 6, 7, 12] p= 0.0290999232
11. [1, 5, 6, 6, 12] p= 0.0265181012
12. [1, 5, 5, 7, 12] p= 0.0255077932
13. [0, 6, 6, 6, 12] p= 0.0235873748
14. [2, 3, 5, 10, 10] p= 0.0208605915
15. [3, 3, 4, 8, 12] p= 0.0199514037
16. [0, 6, 8, 8, 8] p= 0.0195554792
17. [0, 5, 6, 8, 11] p= 0.019237151
18. [0, 5, 6, 7, 12] p= 0.0171835635
19. [2, 4, 6, 6, 12] p= 0.0159826533
20. [0, 0, 8, 9, 13] p= 0.0148402337
21. [1, 3, 7, 7, 12] p= 0.0144805548
22. [1, 2, 9, 9, 9] p= 0.0137540301
23. [1, 3, 6, 10, 10] p= 0.0136257837
24. [1, 3, 8, 9, 9] p= 0.013152144
25. [1, 3, 8, 8, 10] p= 0.0131381291
26. [3, 3, 6, 6, 12] p= 0.0117591925
27. [4, 4, 4, 6, 12] p= 0.0116606973
28. [1, 2, 5, 11, 11] p= 0.0075661626
29. [4, 4, 4, 8, 10] p= 0.0068538766
30. [0, 6, 6, 9, 9] p= 0.0065505219
31. [4, 4, 5, 5, 12] p= 0.0053554735
32. [0, 0, 10, 10, 10] p= 0.0049932102
33. [2, 3, 3, 11, 11] p= 0.0049024443
34. [0, 6, 6, 7, 11] p= 0.0043200596
35. [2, 3, 5, 8, 12] p= 0.0043109772
36. [0, 5, 8, 8, 9] p= 0.0041949548
37. [1, 4, 4, 10, 11] p= 0.0030101572
38. [5, 5, 5, 5, 10] p= 0.0027933091
39. [4, 5, 5, 6, 10] p= 0.0022816479
40. [3, 3, 4, 10, 10] p= 0.0017665338
41. [0, 4, 6, 8, 12] p= 0.0016140295
42. [3, 5, 5, 5, 12] p= 0.0015779834
43. [4, 5, 5, 5, 11] p= 0.001518324
44. [2, 2, 8, 8, 10] p= 0.0013653999
45. [0, 0, 7, 11, 12] p= 0.0010490979
46. [2, 2, 5, 10, 11] p= 0.0009956071
47. [2, 2, 7, 7, 12] p= 0.0009637836
48. [1, 3, 6, 8, 12] p= 0.0008741229
49. [1, 4, 5, 8, 12] p= 0.000851841
50. [0, 5, 6, 9, 10] p= 0.0005008545
51. [5, 5, 6, 7, 7] p= 0.0003064626
52. [4, 4, 6, 6, 10] p= 0.0003052211
53. [2, 5, 5, 6, 12] p= 0.000245241
54. [0, 3, 9, 9, 9] p= 0.0002438375
55. [3, 4, 5, 6, 12] p= 0.0001846124
56. [2, 3, 6, 7, 12] p= 0.0001725994
57. [0, 4, 8, 8, 10] p= 0.0001695932
58. [0, 6, 6, 8, 10] p= 0.0001346132
59. [2, 2, 8, 9, 9] p= 5.78732e-05
60. [1, 4, 5, 10, 10] p= 4.66635e-05
61. [1, 2, 7, 8, 12] p= 3.55678e-05
62. [0, 4, 7, 9, 10] p= 3.48801e-05
63. [1, 2, 6, 10, 11] p= 2.34499e-05
64. [0, 3, 7, 8, 12] p= 2.11356e-05
65. [4, 5, 7, 7, 7] p= 1.87269e-05
66. [1, 1, 6, 11, 11] p= 1.6952e-05
67. [4, 6, 6, 7, 7] p= 1.67717e-05
68. [2, 2, 5, 9, 12] p= 1.56734e-05
69. [3, 3, 5, 9, 10] p= 1.50892e-05
70. [0, 4, 7, 8, 11] p= 1.49617e-05
71. [1, 2, 7, 10, 10] p= 1.4443e-05
72. [1, 2, 5, 10, 12] p= 1.25252e-05
73. [0, 5, 5, 10, 10] p= 1.24556e-05
74. [2, 3, 4, 10, 11] p= 1.1666e-05
75. [2, 4, 5, 7, 12] p= 1.1585e-05
76. [1, 3, 5, 10, 11] p= 1.09704e-05
77. [0, 5, 7, 9, 9] p= 1.06625e-05
78. [0, 5, 5, 8, 12] p= 1.04697e-05
79. [3, 4, 4, 7, 12] p= 1.01997e-05
80. [2, 4, 5, 9, 10] p= 8.5224e-06
81. [3, 3, 3, 10, 11] p= 8.5061e-06
82. [1, 3, 4, 10, 12] p= 8.4387e-06
83. [0, 5, 7, 8, 10] p= 8.2949e-06
84. [0, 3, 7, 10, 10] p= 7.9734e-06
85. [1, 1, 6, 10, 12] p= 7.92e-06
86. [0, 4, 6, 9, 11] p= 7.8842e-06
87. [0, 3, 8, 9, 10] p= 7.8692e-06
88. [3, 4, 4, 9, 10] p= 7.2898e-06
89. [0, 5, 7, 7, 11] p= 7.1319e-06
90. [2, 4, 6, 8, 10] p= 6.9452e-06
91. [3, 3, 5, 7, 12] p= 6.636e-06
92. [2, 2, 4, 11, 11] p= 6.6274e-06
93. [2, 2, 4, 10, 12] p= 6.3354e-06
94. [0, 5, 5, 9, 11] p= 5.9744e-06
95. [2, 3, 3, 10, 12] p= 5.529e-06
96. [5, 6, 6, 6, 7] p= 5.2312e-06
97. [0, 4, 5, 10, 11] p= 5.0908e-06
98. [0, 6, 7, 8, 9] p= 4.8308e-06
99. [4, 4, 5, 6, 11] p= 4.7896e-06
100. [6, 6, 6, 6, 6] p= 4.7622e-06
101. [0, 2, 8, 8, 12] p= 4.3851e-06
102. [2, 3, 4, 9, 12] p= 4.3111e-06
103. [0, 1, 7, 10, 12] p= 4.245e-06
104. [1, 4, 6, 9, 10] p= 4.1343e-06
105. [2, 3, 6, 9, 10] p= 3.6219e-06
106. [1, 4, 4, 9, 12] p= 3.6164e-06
107. [4, 4, 5, 7, 10] p= 3.4016e-06
108. [3, 4, 5, 8, 10] p= 3.361e-06
109. [1, 2, 8, 9, 10] p= 3.3454e-06
110. [1, 5, 5, 8, 11] p= 3.3367e-06
111. [1, 2, 6, 9, 12] p= 3.3086e-06
112. [3, 3, 4, 9, 11] p= 3.1981e-06
113. [0, 0, 9, 9, 12] p= 3.0824e-06
114. [0, 3, 6, 10, 11] p= 3.0204e-06
115. [1, 3, 5, 9, 12] p= 2.9473e-06
116. [1, 4, 6, 8, 11] p= 2.9003e-06
117. [1, 3, 7, 9, 10] p= 2.8431e-06
118. [2, 5, 5, 8, 10] p= 2.8304e-06
119. [0, 2, 6, 10, 12] p= 2.7961e-06
120. [1, 1, 8, 8, 12] p= 2.7406e-06
121. [2, 4, 4, 9, 11] p= 2.6809e-06
122. [0, 4, 4, 11, 11] p= 2.657e-06
123. [0, 7, 7, 8, 8] p= 2.6368e-06
124. [1, 5, 5, 9, 10] p= 2.5989e-06
125. [3, 4, 4, 8, 11] p= 2.5631e-06
126. [2, 3, 5, 9, 11] p= 2.495e-06
127. [3, 3, 6, 8, 10] p= 2.4816e-06
128. [4, 4, 4, 7, 11] p= 2.4071e-06
129. [2, 2, 7, 9, 10] p= 2.3766e-06
130. [0, 6, 7, 7, 10] p= 2.376e-06
131. [2, 3, 7, 8, 10] p= 2.3617e-06
132. [1, 4, 5, 9, 11] p= 2.3115e-06
133. [2, 2, 7, 8, 11] p= 2.2613e-06
134. [2, 4, 5, 8, 11] p= 2.2607e-06
135. [3, 4, 5, 5, 13] p= 2.2478e-06
136. [2, 3, 6, 8, 11] p= 2.2271e-06
137. [3, 5, 6, 6, 10] p= 2.1609e-06
138. [0, 3, 8, 8, 11] p= 2.1593e-06
139. [1, 3, 7, 8, 11] p= 2.0669e-06
140. [0, 3, 6, 9, 12] p= 2.0502e-06
141. [0, 4, 4, 10, 12] p= 2.046e-06
142. [2, 4, 6, 9, 9] p= 2.0414e-06
143. [2, 2, 6, 9, 11] p= 1.9904e-06
144. [0, 4, 5, 9, 12] p= 1.9751e-06
145. [4, 4, 4, 5, 13] p= 1.9441e-06
146. [0, 3, 5, 10, 12] p= 1.9287e-06
147. [2, 3, 7, 7, 11] p= 1.9e-06
148. [3, 3, 3, 9, 12] p= 1.8933e-06
149. [3, 3, 5, 8, 11] p= 1.8849e-06
150. [0, 2, 6, 11, 11] p= 1.8798e-06
151. [1, 1, 7, 9, 12] p= 1.8734e-06
152. [1, 3, 6, 9, 11] p= 1.8679e-06
153. [0, 1, 6, 11, 12] p= 1.8242e-06
154. [3, 4, 5, 9, 9] p= 1.8197e-06
155. [3, 3, 5, 6, 13] p= 1.7967e-06
156. [0, 3, 7, 9, 11] p= 1.7376e-06
157. [3, 4, 6, 7, 10] p= 1.7251e-06
158. [0, 1, 8, 8, 13] p= 1.6952e-06
159. [0, 3, 5, 11, 11] p= 1.6802e-06
160. [0, 2, 7, 9, 12] p= 1.6353e-06
161. [2, 3, 8, 8, 9] p= 1.6328e-06
162. [3, 6, 7, 7, 7] p= 1.5902e-06
163. [1, 5, 6, 8, 10] p= 1.583e-06
164. [3, 3, 6, 9, 9] p= 1.5708e-06
165. [2, 4, 6, 7, 11] p= 1.517e-06
166. [4, 4, 4, 9, 9] p= 1.4914e-06
167. [0, 0, 6, 12, 12] p= 1.486e-06
168. [0, 2, 8, 10, 10] p= 1.4798e-06
169. [3, 4, 6, 6, 11] p= 1.4759e-06
170. [2, 5, 6, 6, 11] p= 1.4461e-06
171. [1, 4, 8, 8, 9] p= 1.445e-06
172. [3, 3, 7, 7, 10] p= 1.4354e-06
173. [3, 5, 5, 6, 11] p= 1.4189e-06
174. [2, 4, 7, 7, 10] p= 1.4182e-06
175. [3, 4, 4, 6, 13] p= 1.4178e-06
176. [4, 6, 6, 6, 8] p= 1.4137e-06
177. [1, 4, 7, 8, 10] p= 1.4091e-06
178. [2, 5, 5, 9, 9] p= 1.3906e-06
179. [3, 3, 4, 7, 13] p= 1.3824e-06
180. [0, 2, 7, 10, 11] p= 1.3704e-06
181. [2, 4, 4, 7, 13] p= 1.3495e-06
182. [2, 5, 5, 5, 13] p= 1.3306e-06
183. [1, 4, 7, 9, 9] p= 1.3155e-06
184. [2, 4, 5, 6, 13] p= 1.311e-06
185. [1, 2, 8, 8, 11] p= 1.308e-06
186. [1, 1, 7, 10, 11] p= 1.2828e-06
187. [1, 6, 6, 6, 11] p= 1.2799e-06
188. [3, 3, 6, 7, 11] p= 1.2777e-06
189. [1, 5, 6, 9, 9] p= 1.273e-06
190. [1, 5, 6, 7, 11] p= 1.2712e-06
191. [1, 1, 5, 11, 12] p= 1.2605e-06
192. [2, 6, 6, 6, 10] p= 1.2581e-06
193. [2, 5, 5, 7, 11] p= 1.2523e-06
194. [1, 4, 7, 7, 11] p= 1.2507e-06
195. [0, 0, 7, 10, 13] p= 1.2456e-06
196. [3, 5, 5, 7, 10] p= 1.24e-06
197. [0, 1, 8, 9, 12] p= 1.1822e-06
198. [2, 3, 5, 7, 13] p= 1.1821e-06
199. [2, 5, 6, 7, 10] p= 1.1569e-06
200. [1, 2, 7, 9, 11] p= 1.149e-06
201. [0, 7, 7, 7, 9] p= 1.1426e-06
202. [1, 5, 5, 6, 13] p= 1.1336e-06
203. [2, 3, 6, 6, 13] p= 1.1326e-06
204. [3, 4, 5, 7, 11] p= 1.1314e-06
205. [2, 3, 7, 9, 9] p= 1.0979e-06
206. [1, 4, 5, 7, 13] p= 1.0754e-06
207. [4, 5, 6, 7, 8] p= 1.068e-06
208. [1, 4, 6, 6, 13] p= 1.0536e-06
209. [4, 4, 7, 7, 8] p= 1.039e-06
210. [1, 3, 3, 11, 12] p= 1.0243e-06
211. [1, 1, 8, 10, 10] p= 1.0121e-06
212. [1, 3, 6, 7, 13] p= 9.793e-07
213. [0, 2, 9, 9, 10] p= 9.643e-07
214. [3, 4, 6, 8, 9] p= 9.535e-07
215. [0, 1, 7, 11, 11] p= 9.112e-07
216. [3, 6, 6, 6, 9] p= 8.959e-07
217. [2, 3, 4, 8, 13] p= 8.918e-07
218. [3, 6, 6, 7, 8] p= 8.87e-07
219. [2, 2, 6, 7, 13] p= 8.834e-07
220. [2, 2, 5, 8, 13] p= 8.681e-07
221. [0, 2, 5, 11, 12] p= 8.519e-07
222. [1, 1, 7, 8, 13] p= 8.361e-07
223. [4, 4, 6, 7, 9] p= 8.279e-07
224. [4, 4, 5, 8, 9] p= 8.185e-07
225. [1, 2, 7, 7, 13] p= 8.028e-07
226. [4, 4, 6, 8, 8] p= 8.008e-07
227. [0, 3, 7, 7, 13] p= 7.934e-07
228. [1, 3, 5, 8, 13] p= 7.845e-07
229. [2, 2, 3, 11, 12] p= 7.833e-07
230. [3, 3, 3, 8, 13] p= 7.809e-07
231. [1, 2, 6, 8, 13] p= 7.777e-07
232. [3, 3, 3, 3, 18] p= 7.523e-07
233. [3, 4, 7, 7, 9] p= 7.485e-07
234. [1, 2, 4, 11, 12] p= 7.343e-07
235. [4, 5, 6, 6, 9] p= 7.311e-07
236. [3, 5, 6, 7, 9] p= 7.264e-07
237. [3, 5, 5, 8, 9] p= 7.255e-07
238. [3, 5, 7, 7, 8] p= 7.074e-07
239. [0, 4, 6, 7, 13] p= 7.024e-07
240. [0, 1, 7, 9, 13] p= 6.998e-07
241. [1, 4, 4, 8, 13] p= 6.991e-07
242. [2, 4, 7, 8, 9] p= 6.901e-07
243. [0, 5, 6, 6, 13] p= 6.879e-07
244. [0, 5, 5, 7, 13] p= 6.809e-07
245. [5, 5, 6, 6, 8] p= 6.792e-07
246. [0, 3, 4, 11, 12] p= 6.789e-07
247. [0, 2, 7, 8, 13] p= 6.574e-07
248. [3, 3, 7, 8, 9] p= 6.526e-07
249. [2, 5, 6, 8, 9] p= 6.471e-07
250. [2, 3, 3, 3, 19] p= 6.414e-07
251. [5, 5, 5, 7, 8] p= 6.373e-07
252. [0, 3, 6, 8, 13] p= 6.261e-07
253. [1, 1, 9, 9, 10] p= 6.247e-07
254. [1, 1, 6, 9, 13] p= 6.113e-07
255. [0, 2, 8, 9, 11] p= 6.082e-07
256. [4, 5, 5, 7, 9] p= 6.063e-07
257. [1, 2, 5, 9, 13] p= 6.062e-07
258. [1, 6, 6, 7, 10] p= 5.921e-07
259. [1, 5, 7, 7, 10] p= 5.795e-07
260. [3, 5, 6, 8, 8] p= 5.622e-07
261. [2, 2, 4, 9, 13] p= 5.528e-07
262. [1, 5, 7, 8, 9] p= 5.518e-07
263. [0, 1, 5, 12, 12] p= 5.5e-07
264. [2, 4, 8, 8, 8] p= 5.497e-07
265. [1, 3, 4, 9, 13] p= 5.488e-07
266. [0, 1, 9, 10, 10] p= 5.442e-07
267. [1, 6, 6, 8, 9] p= 5.28e-07
268. [0, 3, 5, 9, 13] p= 5.157e-07
269. [1, 5, 8, 8, 8] p= 5.134e-07
270. [0, 0, 6, 11, 13] p= 5.117e-07
271. [2, 2, 3, 3, 20] p= 5.113e-07
272. [1, 1, 8, 9, 11] p= 4.959e-07
273. [0, 1, 6, 10, 13] p= 4.921e-07
274. [0, 4, 5, 8, 13] p= 4.897e-07
275. [4, 5, 5, 8, 8] p= 4.796e-07
276. [0, 2, 6, 9, 13] p= 4.761e-07
277. [0, 1, 8, 10, 11] p= 4.733e-07
278. [1, 1, 5, 10, 13] p= 4.688e-07
279. [3, 4, 7, 8, 8] p= 4.621e-07
280. [0, 0, 8, 11, 11] p= 4.583e-07
281. [3, 3, 3, 4, 17] p= 4.569e-07
282. [0, 0, 9, 10, 11] p= 4.515e-07
283. [0, 2, 5, 10, 13] p= 4.289e-07
284. [5, 5, 5, 6, 9] p= 4.277e-07
285. [3, 3, 8, 8, 8] p= 4.231e-07
286. [1, 3, 3, 10, 13] p= 4.172e-07
287. [2, 3, 3, 9, 13] p= 4.14e-07
288. [1, 2, 4, 10, 13] p= 4.087e-07
289. [1, 1, 1, 13, 14] p= 4.085e-07
290. [2, 5, 7, 7, 9] p= 3.996e-07
291. [0, 3, 4, 10, 13] p= 3.925e-07
292. [0, 1, 1, 14, 14] p= 3.861e-07
293. [0, 1, 5, 11, 13] p= 3.847e-07
294. [2, 2, 2, 3, 21] p= 3.778e-07
295. [0, 0, 3, 13, 14] p= 3.608e-07
296. [1, 1, 4, 12, 12] p= 3.501e-07
297. [0, 1, 3, 13, 13] p= 3.492e-07
298. [1, 1, 4, 11, 13] p= 3.458e-07
299. [0, 4, 4, 9, 13] p= 3.393e-07
300. [2, 6, 6, 7, 9] p= 3.375e-07
301. [2, 3, 3, 4, 18] p= 3.257e-07
302. [0, 1, 1, 13, 15] p= 3.203e-07
303. [1, 1, 2, 13, 13] p= 3.186e-07
304. [0, 0, 1, 14, 15] p= 3.173e-07
305. [0, 0, 2, 14, 14] p= 3.145e-07
306. [1, 6, 7, 7, 9] p= 3.12e-07
307. [3, 3, 4, 4, 16] p= 3.05e-07
308. [1, 5, 5, 5, 14] p= 3.024e-07
309. [1, 1, 3, 12, 13] p= 3.01e-07
310. [2, 6, 6, 8, 8] p= 2.983e-07
311. [0, 1, 2, 13, 14] p= 2.978e-07
312. [0, 1, 9, 9, 11] p= 2.919e-07
313. [1, 6, 7, 8, 8] p= 2.912e-07
314. [3, 3, 3, 5, 16] p= 2.893e-07
315. [0, 2, 4, 11, 13] p= 2.863e-07
316. [2, 5, 7, 8, 8] p= 2.792e-07
317. [0, 0, 5, 12, 13] p= 2.79e-07
318. [1, 1, 1, 12, 15] p= 2.742e-07
319. [0, 3, 3, 11, 13] p= 2.72e-07
320. [3, 3, 3, 7, 14] p= 2.682e-07
321. [3, 3, 5, 5, 14] p= 2.617e-07
322. [3, 3, 3, 6, 15] p= 2.599e-07
323. [0, 1, 3, 12, 14] p= 2.593e-07
324. [0, 2, 4, 12, 12] p= 2.585e-07
325. [0, 0, 0, 14, 16] p= 2.584e-07
326. [0, 0, 0, 15, 15] p= 2.583e-07
327. [0, 5, 5, 5, 15] p= 2.571e-07
328. [2, 2, 2, 2, 22] p= 2.57e-07
329. [0, 3, 3, 12, 12] p= 2.567e-07
330. [0, 0, 4, 13, 13] p= 2.561e-07
331. [1, 1, 1, 11, 16] p= 2.55e-07
332. [0, 1, 4, 12, 13] p= 2.518e-07
333. [2, 4, 5, 5, 14] p= 2.516e-07
334. [0, 0, 1, 13, 16] p= 2.474e-07
335. [0, 0, 2, 13, 15] p= 2.449e-07
336. [0, 1, 4, 11, 14] p= 2.447e-07
337. [2, 2, 3, 10, 13] p= 2.441e-07
338. [0, 5, 5, 6, 14] p= 2.358e-07
339. [3, 3, 4, 6, 14] p= 2.33e-07
340. [1, 1, 3, 11, 14] p= 2.276e-07
341. [0, 0, 3, 12, 15] p= 2.271e-07
342. [3, 3, 4, 5, 15] p= 2.269e-07
343. [1, 4, 5, 6, 14] p= 2.254e-07
344. [0, 0, 5, 11, 14] p= 2.241e-07
345. [0, 0, 4, 11, 15] p= 2.076e-07
346. [1, 2, 3, 11, 13] p= 2.072e-07
347. [1, 1, 2, 12, 14] p= 2.072e-07
348. [1, 2, 3, 12, 12] p= 2.066e-07
349. [2, 3, 4, 4, 17] p= 2.065e-07
350. [0, 0, 4, 12, 14] p= 2.055e-07
351. [2, 6, 7, 7, 8] p= 2.051e-07
352. [1, 3, 3, 3, 20] p= 2.043e-07
353. [2, 3, 5, 6, 14] p= 2.018e-07
354. [2, 3, 3, 7, 15] p= 2.018e-07
355. [3, 4, 4, 5, 14] p= 2e-07
356. [2, 4, 4, 6, 14] p= 1.98e-07
357. [2, 3, 3, 8, 14] p= 1.961e-07
358. [0, 1, 1, 11, 17] p= 1.959e-07
359. [1, 4, 5, 5, 15] p= 1.952e-07
360. [3, 4, 4, 4, 15] p= 1.926e-07
361. [0, 0, 0, 13, 17] p= 1.882e-07
362. [0, 1, 1, 12, 16] p= 1.876e-07
363. [1, 1, 4, 10, 14] p= 1.871e-07
364. [1, 3, 5, 7, 14] p= 1.869e-07
365. [0, 3, 5, 8, 14] p= 1.864e-07
366. [0, 1, 3, 11, 15] p= 1.856e-07
367. [0, 1, 5, 10, 14] p= 1.811e-07
368. [2, 4, 4, 4, 16] p= 1.767e-07
369. [0, 4, 6, 6, 14] p= 1.757e-07
370. [2, 3, 3, 6, 16] p= 1.745e-07
371. [0, 3, 6, 7, 14] p= 1.739e-07
372. [2, 2, 2, 8, 16] p= 1.703e-07
373. [1, 7, 7, 7, 8] p= 1.7e-07
374. [0, 3, 4, 9, 14] p= 1.684e-07
375. [0, 2, 5, 9, 14] p= 1.679e-07
376. [0, 2, 4, 10, 14] p= 1.672e-07
377. [0, 3, 3, 10, 14] p= 1.669e-07
378. [2, 3, 4, 7, 14] p= 1.665e-07
379. [2, 7, 7, 7, 7] p= 1.661e-07
380. [2, 4, 4, 5, 15] p= 1.657e-07
381. [1, 3, 6, 6, 14] p= 1.652e-07
382. [2, 2, 3, 7, 16] p= 1.632e-07
383. [0, 0, 1, 8, 21] p= 1.632e-07
384. [0, 0, 3, 11, 16] p= 1.63e-07
385. [1, 3, 3, 9, 14] p= 1.618e-07
386. [0, 4, 5, 5, 16] p= 1.611e-07
387. [0, 0, 0, 8, 22] p= 1.611e-07
388. [0, 4, 5, 7, 14] p= 1.603e-07
389. [0, 1, 1, 8, 20] p= 1.597e-07
390. [1, 1, 2, 11, 15] p= 1.586e-07
391. [1, 3, 4, 8, 14] p= 1.582e-07
392. [1, 4, 4, 7, 14] p= 1.57e-07
393. [2, 2, 3, 8, 15] p= 1.552e-07
394. [2, 3, 3, 5, 17] p= 1.55e-07
395. [2, 2, 3, 4, 19] p= 1.545e-07
396. [1, 1, 1, 10, 17] p= 1.512e-07
397. [1, 1, 1, 8, 19] p= 1.509e-07
398. [2, 2, 2, 7, 17] p= 1.501e-07
399. [1, 1, 2, 10, 16] p= 1.493e-07
400. [1, 2, 5, 8, 14] p= 1.464e-07
401. [0, 1, 4, 10, 15] p= 1.463e-07
402. [1, 1, 5, 9, 14] p= 1.458e-07
403. [1, 1, 3, 10, 15] p= 1.452e-07
404. [1, 3, 3, 8, 15] p= 1.45e-07
405. [0, 0, 1, 11, 18] p= 1.434e-07
406. [0, 4, 5, 6, 15] p= 1.413e-07
407. [1, 1, 6, 8, 14] p= 1.405e-07
408. [0, 3, 3, 9, 15] p= 1.399e-07
409. [0, 1, 2, 12, 15] p= 1.376e-07
410. [1, 4, 4, 4, 17] p= 1.361e-07
411. [0, 2, 3, 12, 13] p= 1.356e-07
412. [1, 1, 5, 8, 15] p= 1.325e-07
413. [1, 4, 4, 5, 16] p= 1.323e-07
414. [0, 1, 6, 9, 14] p= 1.3e-07
415. [2, 3, 5, 5, 15] p= 1.297e-07
416. [0, 3, 3, 3, 21] p= 1.277e-07
417. [0, 2, 2, 13, 13] p= 1.273e-07
418. [2, 3, 4, 5, 16] p= 1.261e-07
419. [0, 0, 4, 10, 16] p= 1.237e-07
420. [0, 0, 6, 10, 14] p= 1.229e-07
421. [0, 0, 5, 10, 15] p= 1.229e-07
422. [1, 2, 3, 10, 14] p= 1.223e-07
423. [0, 0, 3, 9, 18] p= 1.223e-07
424. [0, 0, 1, 12, 17] p= 1.223e-07
425. [2, 3, 4, 6, 15] p= 1.211e-07
426. [2, 2, 4, 8, 14] p= 1.211e-07
427. [2, 2, 5, 7, 14] p= 1.208e-07
428. [0, 0, 8, 8, 14] p= 1.198e-07
429. [0, 1, 3, 10, 16] p= 1.195e-07
430. [0, 1, 3, 9, 17] p= 1.192e-07
431. [0, 3, 5, 7, 15] p= 1.187e-07
432. [1, 1, 3, 8, 17] p= 1.185e-07
433. [1, 4, 4, 6, 15] p= 1.181e-07
434. [1, 2, 2, 8, 17] p= 1.174e-07
435. [0, 1, 5, 8, 16] p= 1.17e-07
436. [0, 0, 7, 9, 14] p= 1.162e-07
437. [0, 1, 5, 9, 15] p= 1.159e-07
438. [0, 2, 3, 11, 14] p= 1.155e-07
439. [0, 1, 2, 10, 17] p= 1.12e-07
440. [1, 2, 4, 9, 14] p= 1.114e-07
441. [1, 2, 3, 8, 16] p= 1.114e-07
442. [1, 1, 2, 8, 18] p= 1.114e-07
443. [0, 1, 2, 11, 16] p= 1.088e-07
444. [0, 3, 6, 6, 15] p= 1.087e-07
445. [0, 1, 1, 10, 18] p= 1.063e-07
446. [1, 2, 2, 10, 15] p= 1.061e-07
447. [1, 3, 3, 7, 16] p= 1.055e-07
448. [1, 3, 5, 6, 15] p= 1.041e-07
449. [0, 0, 5, 8, 17] p= 1.029e-07
450. [2, 2, 2, 9, 15] p= 1.024e-07
451. [1, 1, 3, 9, 16] p= 1.023e-07
452. [0, 1, 2, 8, 19] p= 1.018e-07
453. [0, 2, 6, 8, 14] p= 1.002e-07
454. [0, 0, 3, 10, 17] p= 9.81e-08
455. [0, 2, 2, 9, 17] p= 9.79e-08
456. [0, 0, 0, 11, 19] p= 9.68e-08
457. [1, 2, 3, 9, 15] p= 9.48e-08
458. [0, 0, 2, 12, 16] p= 9.45e-08
459. [0, 2, 3, 9, 16] p= 9.43e-08
460. [0, 1, 7, 8, 14] p= 9.39e-08
461. [1, 2, 2, 9, 16] p= 9.33e-08
462. [0, 0, 5, 9, 16] p= 9.31e-08
463. [0, 0, 2, 9, 19] p= 9.22e-08
464. [1, 2, 3, 3, 21] p= 9.19e-08
465. [0, 2, 5, 8, 15] p= 9.02e-08
466. [2, 2, 3, 9, 14] p= 9e-08
467. [0, 1, 2, 9, 18] p= 8.92e-08
468. [0, 4, 4, 5, 17] p= 8.91e-08
469. [0, 1, 6, 8, 15] p= 8.89e-08
470. [0, 2, 2, 8, 18] p= 8.88e-08
471. [0, 4, 4, 8, 14] p= 8.75e-08
472. [1, 2, 6, 7, 14] p= 8.73e-08
473. [0, 2, 4, 9, 15] p= 8.71e-08
474. [0, 0, 2, 8, 20] p= 8.71e-08
475. [0, 2, 3, 10, 15] p= 8.63e-08
476. [0, 1, 3, 8, 18] p= 8.62e-08
477. [1, 1, 6, 7, 15] p= 8.55e-08
478. [0, 1, 6, 7, 16] p= 8.52e-08
479. [0, 0, 6, 7, 17] p= 8.45e-08
480. [0, 0, 6, 9, 15] p= 8.21e-08
481. [2, 2, 6, 6, 14] p= 8.05e-08
482. [0, 4, 4, 4, 18] p= 7.93e-08
483. [0, 1, 5, 7, 17] p= 7.89e-08
484. [0, 0, 0, 12, 18] p= 7.73e-08
485. [0, 0, 5, 7, 18] p= 7.67e-08
486. [0, 0, 1, 9, 20] p= 7.67e-08
487. [1, 1, 5, 7, 16] p= 7.64e-08
488. [1, 3, 4, 7, 15] p= 7.59e-08
489. [0, 0, 2, 10, 18] p= 7.53e-08
490. [0, 0, 0, 9, 21] p= 7.52e-08
491. [0, 2, 2, 10, 16] p= 7.31e-08
492. [1, 1, 7, 7, 14] p= 7.3e-08
493. [1, 2, 3, 7, 17] p= 7.23e-08
494. [0, 0, 4, 9, 17] p= 7.15e-08
495. [0, 1, 4, 9, 16] p= 7.13e-08
496. [1, 1, 2, 9, 17] p= 7.09e-08
497. [0, 0, 2, 11, 17] p= 6.79e-08
498. [1, 2, 5, 7, 15] p= 6.63e-08
499. [0, 3, 4, 8, 15] p= 6.61e-08
500. [0, 3, 5, 6, 16] p= 6.5e-08
501. [2, 2, 3, 6, 17] p= 6.47e-08
502. [1, 2, 2, 12, 13] p= 6.44e-08
503. [0, 3, 3, 8, 16] p= 6.44e-08
504. [1, 2, 2, 7, 18] p= 6.23e-08
505. [0, 1, 1, 9, 19] p= 6.2e-08
506. [1, 1, 6, 6, 16] p= 6.12e-08
507. [1, 1, 4, 9, 15] p= 6.11e-08
508. [0, 0, 1, 10, 19] p= 6.09e-08
509. [0, 1, 6, 6, 17] p= 6.03e-08
510. [0, 2, 3, 8, 17] p= 5.87e-08
511. [0, 0, 6, 8, 16] p= 5.73e-08
512. [0, 0, 6, 6, 18] p= 5.43e-08
513. [0, 4, 4, 7, 15] p= 5.42e-08
514. [0, 2, 6, 7, 15] p= 5.23e-08
515. [0, 0, 3, 8, 19] p= 4.94e-08
516. [1, 3, 4, 4, 18] p= 4.91e-08
517. [1, 2, 2, 11, 14] p= 4.83e-08
518. [2, 2, 4, 4, 18] p= 4.8e-08
519. [1, 2, 4, 8, 15] p= 4.78e-08
520. [0, 2, 5, 7, 16] p= 4.67e-08
521. [0, 2, 7, 7, 14] p= 4.58e-08
522. [1, 3, 5, 5, 16] p= 4.54e-08
523. [0, 1, 1, 7, 21] p= 4.53e-08
524. [1, 1, 4, 8, 16] p= 4.44e-08
525. [2, 2, 4, 7, 15] p= 4.39e-08
526. [0, 0, 1, 7, 22] p= 4.22e-08
527. [1, 1, 1, 7, 20] p= 4.09e-08
528. [0, 3, 5, 5, 17] p= 4e-08
529. [0, 4, 4, 6, 16] p= 3.92e-08
530. [1, 2, 6, 6, 15] p= 3.72e-08
531. [1, 3, 3, 4, 19] p= 3.59e-08
532. [0, 2, 3, 3, 22] p= 3.56e-08
533. [2, 2, 2, 10, 14] p= 3.52e-08
534. [1, 1, 3, 7, 18] p= 3.43e-08
535. [4, 4, 4, 4, 14] p= 3.31e-08
536. [0, 2, 2, 12, 14] p= 3.28e-08
537. [0, 0, 7, 8, 15] p= 3.16e-08
538. [0, 0, 0, 7, 23] p= 3.16e-08
539. [2, 2, 5, 6, 15] p= 3.15e-08
540. [1, 1, 1, 9, 18] p= 3.14e-08
541. [0, 2, 2, 7, 19] p= 3.08e-08
542. [0, 3, 3, 7, 17] p= 2.79e-08
543. [1, 1, 2, 7, 19] p= 2.61e-08
544. [0, 1, 4, 8, 17] p= 2.47e-08
545. [0, 0, 5, 5, 20] p= 2.41e-08
546. [0, 1, 7, 7, 15] p= 2.27e-08
547. [0, 2, 6, 6, 16] p= 2.07e-08
548. [0, 2, 3, 7, 18] p= 1.83e-08
549. [0, 0, 0, 10, 20] p= 1.45e-08
550. [1, 3, 4, 6, 16] p= 1.43e-08
551. [1, 3, 4, 5, 17] p= 1.27e-08
552. [0, 1, 2, 7, 20] p= 1.27e-08
553. [0, 1, 5, 6, 18] p= 9.8e-09
554. [0, 0, 5, 6, 19] p= 8.5e-09
555. [1, 3, 3, 6, 17] p= 7.7e-09
556. [1, 1, 5, 6, 17] p= 4.4e-09
557. [0, 2, 4, 8, 16] p= 3.7e-09
558. [0, 3, 4, 7, 16] p= 2.2e-09
559. [0, 0, 4, 8, 18] p= 2.1e-09
560. [2, 2, 5, 5, 16] p= 0
561. [2, 2, 4, 6, 16] p= 0
562. [2, 2, 4, 5, 17] p= 0
563. [2, 2, 3, 5, 18] p= 0
564. [2, 2, 2, 12, 12] p= 0
565. [2, 2, 2, 11, 13] p= 0
566. [2, 2, 2, 6, 18] p= 0
567. [2, 2, 2, 5, 19] p= 0
568. [2, 2, 2, 4, 20] p= 0
569. [1, 3, 3, 5, 18] p= 0
570. [1, 2, 5, 6, 16] p= 0
571. [1, 2, 5, 5, 17] p= 0
572. [1, 2, 4, 7, 16] p= 0
573. [1, 2, 4, 6, 17] p= 0
574. [1, 2, 4, 5, 18] p= 0
575. [1, 2, 4, 4, 19] p= 0
576. [1, 2, 3, 6, 18] p= 0
577. [1, 2, 3, 5, 19] p= 0
578. [1, 2, 3, 4, 20] p= 0
579. [1, 2, 2, 6, 19] p= 0
580. [1, 2, 2, 5, 20] p= 0
581. [1, 2, 2, 4, 21] p= 0
582. [1, 2, 2, 3, 22] p= 0
583. [1, 2, 2, 2, 23] p= 0
584. [1, 1, 5, 5, 18] p= 0
585. [1, 1, 4, 7, 17] p= 0
586. [1, 1, 4, 6, 18] p= 0
587. [1, 1, 4, 5, 19] p= 0
588. [1, 1, 4, 4, 20] p= 0
589. [1, 1, 3, 6, 19] p= 0
590. [1, 1, 3, 5, 20] p= 0
591. [1, 1, 3, 4, 21] p= 0
592. [1, 1, 3, 3, 22] p= 0
593. [1, 1, 2, 6, 20] p= 0
594. [1, 1, 2, 5, 21] p= 0
595. [1, 1, 2, 4, 22] p= 0
596. [1, 1, 2, 3, 23] p= 0
597. [1, 1, 2, 2, 24] p= 0
598. [1, 1, 1, 6, 21] p= 0
599. [1, 1, 1, 5, 22] p= 0
600. [1, 1, 1, 4, 23] p= 0
601. [1, 1, 1, 3, 24] p= 0
602. [1, 1, 1, 2, 25] p= 0
603. [1, 1, 1, 1, 26] p= 0
604. [0, 3, 4, 6, 17] p= 0
605. [0, 3, 4, 5, 18] p= 0
606. [0, 3, 4, 4, 19] p= 0
607. [0, 3, 3, 6, 18] p= 0
608. [0, 3, 3, 5, 19] p= 0
609. [0, 3, 3, 4, 20] p= 0
610. [0, 2, 5, 6, 17] p= 0
611. [0, 2, 5, 5, 18] p= 0
612. [0, 2, 4, 7, 17] p= 0
613. [0, 2, 4, 6, 18] p= 0
614. [0, 2, 4, 5, 19] p= 0
615. [0, 2, 4, 4, 20] p= 0
616. [0, 2, 3, 6, 19] p= 0
617. [0, 2, 3, 5, 20] p= 0
618. [0, 2, 3, 4, 21] p= 0
619. [0, 2, 2, 11, 15] p= 0
620. [0, 2, 2, 6, 20] p= 0
621. [0, 2, 2, 5, 21] p= 0
622. [0, 2, 2, 4, 22] p= 0
623. [0, 2, 2, 3, 23] p= 0
624. [0, 2, 2, 2, 24] p= 0
625. [0, 1, 5, 5, 19] p= 0
626. [0, 1, 4, 7, 18] p= 0
627. [0, 1, 4, 6, 19] p= 0
628. [0, 1, 4, 5, 20] p= 0
629. [0, 1, 4, 4, 21] p= 0
630. [0, 1, 3, 7, 19] p= 0
631. [0, 1, 3, 6, 20] p= 0
632. [0, 1, 3, 5, 21] p= 0
633. [0, 1, 3, 4, 22] p= 0
634. [0, 1, 3, 3, 23] p= 0
635. [0, 1, 2, 6, 21] p= 0
636. [0, 1, 2, 5, 22] p= 0
637. [0, 1, 2, 4, 23] p= 0
638. [0, 1, 2, 3, 24] p= 0
639. [0, 1, 2, 2, 25] p= 0
640. [0, 1, 1, 6, 22] p= 0
641. [0, 1, 1, 5, 23] p= 0
642. [0, 1, 1, 4, 24] p= 0
643. [0, 1, 1, 3, 25] p= 0
644. [0, 1, 1, 2, 26] p= 0
645. [0, 1, 1, 1, 27] p= 0
646. [0, 0, 7, 7, 16] p= 0
647. [0, 0, 4, 7, 19] p= 0
648. [0, 0, 4, 6, 20] p= 0
649. [0, 0, 4, 5, 21] p= 0
650. [0, 0, 4, 4, 22] p= 0
651. [0, 0, 3, 7, 20] p= 0
652. [0, 0, 3, 6, 21] p= 0
653. [0, 0, 3, 5, 22] p= 0
654. [0, 0, 3, 4, 23] p= 0
655. [0, 0, 3, 3, 24] p= 0
656. [0, 0, 2, 7, 21] p= 0
657. [0, 0, 2, 6, 22] p= 0
658. [0, 0, 2, 5, 23] p= 0
659. [0, 0, 2, 4, 24] p= 0
660. [0, 0, 2, 3, 25] p= 0
661. [0, 0, 2, 2, 26] p= 0
662. [0, 0, 1, 6, 23] p= 0
663. [0, 0, 1, 5, 24] p= 0
664. [0, 0, 1, 4, 25] p= 0
665. [0, 0, 1, 3, 26] p= 0
666. [0, 0, 1, 2, 27] p= 0
667. [0, 0, 1, 1, 28] p= 0
668. [0, 0, 0, 6, 24] p= 0
669. [0, 0, 0, 5, 25] p= 0
670. [0, 0, 0, 4, 26] p= 0
671. [0, 0, 0, 3, 27] p= 0
672. [0, 0, 0, 2, 28] p= 0
673. [0, 0, 0, 1, 29] p= 0
674. [0, 0, 0, 0, 30] p= 0