N=12
Distribution: 
[0, 2, 2, 3, 5]  p=  0.232
[0, 0, 3, 4, 5]  p=  0.208
[1, 1, 1, 4, 5]  p=  0.139
[0, 2, 2, 4, 4]  p=  0.135
[0, 1, 3, 4, 4]  p=  0.134
[1, 2, 2, 2, 5]  p=  0.062
[1, 1, 2, 3, 5]  p=  0.035
[0, 3, 3, 3, 3]  p=  0.025
[1, 1, 2, 4, 4]  p=  0.014
[0, 0, 4, 4, 4]  p=  0.014
[2, 2, 2, 2, 4]  p=  0.002
[2, 2, 2, 3, 3]  p=  0.0
[1, 2, 3, 3, 3]  p=  0.0
[1, 2, 2, 3, 4]  p=  0.0
[1, 1, 3, 3, 4]  p=  0.0
[1, 1, 2, 2, 6]  p=  0.0
[1, 1, 1, 3, 6]  p=  0.0
[1, 1, 1, 2, 7]  p=  -0.0
[1, 1, 1, 1, 8]  p=  -0.0
[0, 2, 3, 3, 4]  p=  0.0
[0, 2, 2, 2, 6]  p=  0.0
[0, 1, 3, 3, 5]  p=  0.0
[0, 1, 2, 4, 5]  p=  0.0
[0, 1, 2, 3, 6]  p=  0.0
[0, 1, 2, 2, 7]  p=  -0.0
[0, 1, 1, 5, 5]  p=  0.0
[0, 1, 1, 4, 6]  p=  0.0
[0, 1, 1, 3, 7]  p=  -0.0
[0, 1, 1, 2, 8]  p=  -0.0
[0, 1, 1, 1, 9]  p=  -0.0
[0, 0, 3, 3, 6]  p=  0.0
[0, 0, 2, 5, 5]  p=  0.0
[0, 0, 2, 4, 6]  p=  0.0
[0, 0, 2, 3, 7]  p=  -0.0
[0, 0, 2, 2, 8]  p=  -0.0
[0, 0, 1, 5, 6]  p=  0.0
[0, 0, 1, 4, 7]  p=  -0.0
[0, 0, 1, 3, 8]  p=  -0.0
[0, 0, 1, 2, 9]  p=  -0.0
[0, 0, 1, 1, 10]  p=  -0.0
[0, 0, 0, 6, 6]  p=  -0.0
[0, 0, 0, 5, 7]  p=  -0.0
[0, 0, 0, 4, 8]  p=  -0.0
[0, 0, 0, 3, 9]  p=  -0.0
[0, 0, 0, 2, 10]  p=  -0.0
[0, 0, 0, 1, 11]  p=  -0.0
[0, 0, 0, 0, 12]  p=  -0.0
Responses by Player Two --> Player One Probability of Win
[0, 0, 3, 4, 5]  --->  0.5
[0, 0, 4, 4, 4]  --->  0.5
[0, 1, 3, 3, 5]  --->  0.5
[0, 1, 3, 4, 4]  --->  0.5
[0, 2, 2, 3, 5]  --->  0.5
[0, 2, 2, 4, 4]  --->  0.5
[0, 2, 3, 3, 4]  --->  0.5
[0, 3, 3, 3, 3]  --->  0.5
[1, 1, 1, 4, 5]  --->  0.5
[1, 1, 2, 3, 5]  --->  0.5
[1, 1, 2, 4, 4]  --->  0.5
[1, 2, 2, 2, 5]  --->  0.5
[2, 2, 2, 2, 4]  --->  0.5
[1, 1, 3, 3, 4]  --->  0.501
[0, 1, 2, 4, 5]  --->  0.502
[2, 2, 2, 3, 3]  --->  0.503
[1, 2, 2, 3, 4]  --->  0.504
[1, 2, 3, 3, 3]  --->  0.507
[0, 0, 2, 5, 5]  --->  0.509
[0, 1, 1, 5, 5]  --->  0.512
[0, 2, 2, 2, 6]  --->  0.559
[0, 0, 3, 3, 6]  --->  0.56
[0, 1, 2, 3, 6]  --->  0.562
[1, 1, 1, 3, 6]  --->  0.562
[1, 1, 2, 2, 6]  --->  0.564
[0, 0, 2, 4, 6]  --->  0.568
[0, 1, 1, 4, 6]  --->  0.569
[0, 0, 1, 5, 6]  --->  0.603
[0, 1, 2, 2, 7]  --->  0.664
[0, 0, 2, 3, 7]  --->  0.666
[0, 1, 1, 3, 7]  --->  0.668
[1, 1, 1, 2, 7]  --->  0.672
[0, 0, 1, 4, 7]  --->  0.682
[0, 0, 0, 6, 6]  --->  0.726
[0, 0, 0, 5, 7]  --->  0.745
[0, 0, 2, 2, 8]  --->  0.759
[0, 1, 1, 2, 8]  --->  0.763
[0, 0, 1, 3, 8]  --->  0.767
[1, 1, 1, 1, 8]  --->  0.771
[0, 0, 0, 4, 8]  --->  0.797
[0, 0, 1, 2, 9]  --->  0.844
[0, 1, 1, 1, 9]  --->  0.844
[0, 0, 0, 3, 9]  --->  0.857
[0, 0, 1, 1, 10]  --->  0.903
[0, 0, 0, 2, 10]  --->  0.913
[0, 0, 0, 1, 11]  --->  0.945
[0, 0, 0, 0, 12]  --->  0.967

N=15
Distribution: 
[0, 2, 3, 4, 6]  p=  0.264
[0, 0, 4, 5, 6]  p=  0.214
[1, 2, 2, 4, 6]  p=  0.143
[0, 1, 4, 4, 6]  p=  0.116
[2, 2, 2, 3, 6]  p=  0.084
[1, 1, 2, 5, 6]  p=  0.072
[0, 2, 4, 4, 5]  p=  0.064
[0, 0, 3, 6, 6]  p=  0.032
[0, 2, 2, 5, 6]  p=  0.011
[3, 3, 3, 3, 3]  p=  0.0
[2, 3, 3, 3, 4]  p=  0.0
[2, 2, 3, 4, 4]  p=  0.0
[2, 2, 3, 3, 5]  p=  0.0
[2, 2, 2, 4, 5]  p=  0.0
[2, 2, 2, 2, 7]  p=  0.0
[1, 3, 3, 4, 4]  p=  0.0
[1, 3, 3, 3, 5]  p=  0.0
[1, 2, 4, 4, 4]  p=  0.0
[1, 2, 3, 4, 5]  p=  0.0
[1, 2, 3, 3, 6]  p=  0.0
[1, 2, 2, 5, 5]  p=  0.0
[1, 2, 2, 3, 7]  p=  0.0
[1, 2, 2, 2, 8]  p=  0.0
[1, 1, 4, 4, 5]  p=  0.0
[1, 1, 3, 5, 5]  p=  0.0
[1, 1, 3, 4, 6]  p=  0.0
[1, 1, 3, 3, 7]  p=  0.0
[1, 1, 2, 4, 7]  p=  0.0
[1, 1, 2, 3, 8]  p=  0.0
[1, 1, 2, 2, 9]  p=  -0.0
[1, 1, 1, 6, 6]  p=  0.0
[1, 1, 1, 5, 7]  p=  0.0
[1, 1, 1, 4, 8]  p=  0.0
[1, 1, 1, 3, 9]  p=  -0.0
[1, 1, 1, 2, 10]  p=  -0.0
[1, 1, 1, 1, 11]  p=  -0.0
[0, 3, 4, 4, 4]  p=  0.0
[0, 3, 3, 4, 5]  p=  0.0
[0, 3, 3, 3, 6]  p=  0.0
[0, 2, 3, 5, 5]  p=  0.0
[0, 2, 3, 3, 7]  p=  0.0
[0, 2, 2, 4, 7]  p=  0.0
[0, 2, 2, 3, 8]  p=  0.0
[0, 2, 2, 2, 9]  p=  -0.0
[0, 1, 4, 5, 5]  p=  0.0
[0, 1, 3, 5, 6]  p=  0.0
[0, 1, 3, 4, 7]  p=  0.0
[0, 1, 3, 3, 8]  p=  0.0
[0, 1, 2, 6, 6]  p=  0.0
[0, 1, 2, 5, 7]  p=  0.0
[0, 1, 2, 4, 8]  p=  0.0
[0, 1, 2, 3, 9]  p=  -0.0
[0, 1, 2, 2, 10]  p=  -0.0
[0, 1, 1, 6, 7]  p=  0.0
[0, 1, 1, 5, 8]  p=  0.0
[0, 1, 1, 4, 9]  p=  -0.0
[0, 1, 1, 3, 10]  p=  -0.0
[0, 1, 1, 2, 11]  p=  -0.0
[0, 1, 1, 1, 12]  p=  -0.0
[0, 0, 5, 5, 5]  p=  0.0
[0, 0, 4, 4, 7]  p=  0.0
[0, 0, 3, 5, 7]  p=  0.0
[0, 0, 3, 4, 8]  p=  0.0
[0, 0, 3, 3, 9]  p=  -0.0
[0, 0, 2, 6, 7]  p=  0.0
[0, 0, 2, 5, 8]  p=  0.0
[0, 0, 2, 4, 9]  p=  -0.0
[0, 0, 2, 3, 10]  p=  -0.0
[0, 0, 2, 2, 11]  p=  -0.0
[0, 0, 1, 7, 7]  p=  0.0
[0, 0, 1, 6, 8]  p=  -0.0
[0, 0, 1, 5, 9]  p=  -0.0
[0, 0, 1, 4, 10]  p=  -0.0
[0, 0, 1, 3, 11]  p=  -0.0
[0, 0, 1, 2, 12]  p=  -0.0
[0, 0, 1, 1, 13]  p=  -0.0
[0, 0, 0, 7, 8]  p=  -0.0
[0, 0, 0, 6, 9]  p=  -0.0
[0, 0, 0, 5, 10]  p=  -0.0
[0, 0, 0, 4, 11]  p=  -0.0
[0, 0, 0, 3, 12]  p=  -0.0
[0, 0, 0, 2, 13]  p=  -0.0
[0, 0, 0, 1, 14]  p=  -0.0
[0, 0, 0, 0, 15]  p=  -0.0
Responses by Player Two --> Player One Probability of Win
[0, 0, 3, 6, 6]  --->  0.5
[0, 0, 4, 5, 6]  --->  0.5
[0, 1, 4, 4, 6]  --->  0.5
[0, 2, 2, 5, 6]  --->  0.5
[0, 2, 3, 4, 6]  --->  0.5
[0, 2, 3, 5, 5]  --->  0.5
[0, 2, 4, 4, 5]  --->  0.5
[1, 1, 2, 5, 6]  --->  0.5
[1, 2, 2, 4, 6]  --->  0.5
[2, 2, 2, 3, 6]  --->  0.5
[0, 1, 3, 5, 6]  --->  0.501
[0, 3, 3, 3, 6]  --->  0.501
[0, 3, 3, 4, 5]  --->  0.501
[0, 3, 4, 4, 4]  --->  0.501
[1, 1, 3, 4, 6]  --->  0.501
[1, 2, 2, 5, 5]  --->  0.501
[1, 2, 3, 3, 6]  --->  0.501
[0, 1, 4, 5, 5]  --->  0.504
[1, 1, 3, 5, 5]  --->  0.504
[0, 1, 2, 6, 6]  --->  0.506
[1, 1, 4, 4, 5]  --->  0.506
[2, 2, 2, 4, 5]  --->  0.507
[1, 2, 3, 4, 5]  --->  0.509
[1, 1, 1, 6, 6]  --->  0.51
[0, 0, 5, 5, 5]  --->  0.511
[1, 2, 4, 4, 4]  --->  0.513
[2, 2, 2, 2, 7]  --->  0.513
[2, 2, 3, 3, 5]  --->  0.513
[1, 3, 3, 3, 5]  --->  0.515
[1, 2, 2, 3, 7]  --->  0.516
[0, 0, 4, 4, 7]  --->  0.517
[1, 1, 3, 3, 7]  --->  0.517
[1, 1, 2, 4, 7]  --->  0.52
[1, 3, 3, 4, 4]  --->  0.52
[2, 2, 3, 4, 4]  --->  0.52
[0, 1, 3, 4, 7]  --->  0.521
[0, 2, 3, 3, 7]  --->  0.521
[0, 0, 3, 5, 7]  --->  0.522
[0, 2, 2, 4, 7]  --->  0.522
[0, 1, 2, 5, 7]  --->  0.528
[1, 1, 1, 5, 7]  --->  0.529
[2, 3, 3, 3, 4]  --->  0.53
[3, 3, 3, 3, 3]  --->  0.542
[0, 0, 2, 6, 7]  --->  0.543
[0, 1, 1, 6, 7]  --->  0.553
[1, 2, 2, 2, 8]  --->  0.598
[0, 2, 2, 3, 8]  --->  0.604
[1, 1, 2, 3, 8]  --->  0.604
[0, 0, 3, 4, 8]  --->  0.605
[0, 1, 3, 3, 8]  --->  0.607
[0, 1, 2, 4, 8]  --->  0.609
[1, 1, 1, 4, 8]  --->  0.609
[0, 0, 1, 7, 7]  --->  0.615
[0, 0, 2, 5, 8]  --->  0.616
[0, 1, 1, 5, 8]  --->  0.62
[0, 0, 1, 6, 8]  --->  0.654
[1, 1, 2, 2, 9]  --->  0.68
[0, 2, 2, 2, 9]  --->  0.681
[0, 1, 2, 3, 9]  --->  0.689
[0, 0, 3, 3, 9]  --->  0.69
[1, 1, 1, 3, 9]  --->  0.69
[0, 0, 2, 4, 9]  --->  0.692
[0, 1, 1, 4, 9]  --->  0.695
[0, 0, 1, 5, 9]  --->  0.712
[0, 0, 0, 7, 8]  --->  0.734
[1, 1, 1, 2, 10]  --->  0.752
[0, 1, 2, 2, 10]  --->  0.756
[0, 0, 0, 6, 9]  --->  0.763
[0, 0, 2, 3, 10]  --->  0.766
[0, 1, 1, 3, 10]  --->  0.769
[0, 0, 1, 4, 10]  --->  0.777
[0, 0, 0, 5, 10]  --->  0.805
[1, 1, 1, 1, 11]  --->  0.807
[0, 1, 1, 2, 11]  --->  0.819
[0, 0, 2, 2, 11]  --->  0.823
[0, 0, 1, 3, 11]  --->  0.838
[0, 0, 0, 4, 11]  --->  0.853
[0, 1, 1, 1, 12]  --->  0.862
[0, 0, 1, 2, 12]  --->  0.876
[0, 0, 0, 3, 12]  --->  0.898
[0, 0, 1, 1, 13]  --->  0.907
[0, 0, 0, 2, 13]  --->  0.923
[0, 0, 0, 1, 14]  --->  0.94
[0, 0, 0, 0, 15]  --->  0.963


N=20

Distribution: 
[0, 0, 6, 6, 8]  p=  0.231
[0, 4, 4, 4, 8]  p=  0.149
[0, 2, 4, 6, 8]  p=  0.135
[2, 2, 2, 6, 8]  p=  0.117
[1, 2, 4, 5, 8]  p=  0.092
[2, 2, 4, 4, 8]  p=  0.048
[0, 2, 6, 6, 6]  p=  0.043
[1, 3, 4, 4, 8]  p=  0.038
[1, 3, 3, 5, 8]  p=  0.038
[1, 2, 3, 7, 7]  p=  0.029
[0, 2, 5, 5, 8]  p=  0.028
[2, 2, 2, 7, 7]  p=  0.019
[0, 3, 3, 7, 7]  p=  0.019
[0, 3, 4, 6, 7]  p=  0.01
[2, 2, 2, 5, 9]  p=  0.005
[4, 4, 4, 4, 4]  p=  0.0
[3, 4, 4, 4, 5]  p=  0.0
[3, 3, 4, 5, 5]  p=  0.0
[3, 3, 4, 4, 6]  p=  0.0
[3, 3, 3, 5, 6]  p=  0.0
[3, 3, 3, 4, 7]  p=  0.0
[3, 3, 3, 3, 8]  p=  0.0
[2, 4, 4, 5, 5]  p=  0.0
[2, 4, 4, 4, 6]  p=  0.0
[2, 3, 5, 5, 5]  p=  0.0
[2, 3, 4, 5, 6]  p=  0.0
[2, 3, 4, 4, 7]  p=  0.0
[2, 3, 3, 6, 6]  p=  0.0
[2, 3, 3, 5, 7]  p=  0.0
[2, 3, 3, 4, 8]  p=  0.0
[2, 3, 3, 3, 9]  p=  0.0
[2, 2, 5, 5, 6]  p=  0.0
[2, 2, 4, 6, 6]  p=  0.0
[2, 2, 4, 5, 7]  p=  0.0
[2, 2, 3, 6, 7]  p=  0.0
[2, 2, 3, 5, 8]  p=  0.0
[2, 2, 3, 4, 9]  p=  0.0
[2, 2, 3, 3, 10]  p=  0.0
[2, 2, 2, 4, 10]  p=  0.0
[2, 2, 2, 3, 11]  p=  -0.0
[2, 2, 2, 2, 12]  p=  -0.0
[1, 4, 5, 5, 5]  p=  0.0
[1, 4, 4, 5, 6]  p=  0.0
[1, 4, 4, 4, 7]  p=  0.0
[1, 3, 5, 5, 6]  p=  0.0
[1, 3, 4, 6, 6]  p=  0.0
[1, 3, 4, 5, 7]  p=  0.0
[1, 3, 3, 6, 7]  p=  0.0
[1, 3, 3, 4, 9]  p=  0.0
[1, 3, 3, 3, 10]  p=  0.0
[1, 2, 5, 6, 6]  p=  0.0
[1, 2, 5, 5, 7]  p=  0.0
[1, 2, 4, 6, 7]  p=  0.0
[1, 2, 4, 4, 9]  p=  0.0
[1, 2, 3, 6, 8]  p=  0.0
[1, 2, 3, 5, 9]  p=  0.0
[1, 2, 3, 4, 10]  p=  0.0
[1, 2, 3, 3, 11]  p=  -0.0
[1, 2, 2, 7, 8]  p=  0.0
[1, 2, 2, 6, 9]  p=  0.0
[1, 2, 2, 5, 10]  p=  0.0
[1, 2, 2, 4, 11]  p=  -0.0
[1, 2, 2, 3, 12]  p=  -0.0
[1, 2, 2, 2, 13]  p=  -0.0
[1, 1, 6, 6, 6]  p=  0.0
[1, 1, 5, 6, 7]  p=  0.0
[1, 1, 5, 5, 8]  p=  0.0
[1, 1, 4, 7, 7]  p=  0.0
[1, 1, 4, 6, 8]  p=  0.0
[1, 1, 4, 5, 9]  p=  0.0
[1, 1, 4, 4, 10]  p=  0.0
[1, 1, 3, 7, 8]  p=  0.0
[1, 1, 3, 6, 9]  p=  0.0
[1, 1, 3, 5, 10]  p=  0.0
[1, 1, 3, 4, 11]  p=  -0.0
[1, 1, 3, 3, 12]  p=  -0.0
[1, 1, 2, 8, 8]  p=  0.0
[1, 1, 2, 7, 9]  p=  0.0
[1, 1, 2, 6, 10]  p=  0.0
[1, 1, 2, 5, 11]  p=  -0.0
[1, 1, 2, 4, 12]  p=  -0.0
[1, 1, 2, 3, 13]  p=  -0.0
[1, 1, 2, 2, 14]  p=  -0.0
[1, 1, 1, 8, 9]  p=  0.0
[1, 1, 1, 7, 10]  p=  0.0
[1, 1, 1, 6, 11]  p=  -0.0
[1, 1, 1, 5, 12]  p=  -0.0
[1, 1, 1, 4, 13]  p=  -0.0
[1, 1, 1, 3, 14]  p=  -0.0
[1, 1, 1, 2, 15]  p=  -0.0
[1, 1, 1, 1, 16]  p=  -0.0
[0, 5, 5, 5, 5]  p=  0.0
[0, 4, 5, 5, 6]  p=  0.0
[0, 4, 4, 6, 6]  p=  0.0
[0, 4, 4, 5, 7]  p=  0.0
[0, 3, 5, 6, 6]  p=  0.0
[0, 3, 5, 5, 7]  p=  0.0
[0, 3, 4, 5, 8]  p=  0.0
[0, 3, 4, 4, 9]  p=  0.0
[0, 3, 3, 6, 8]  p=  0.0
[0, 3, 3, 5, 9]  p=  0.0
[0, 3, 3, 4, 10]  p=  0.0
[0, 3, 3, 3, 11]  p=  -0.0
[0, 2, 5, 6, 7]  p=  0.0
[0, 2, 4, 7, 7]  p=  0.0
[0, 2, 4, 5, 9]  p=  0.0
[0, 2, 4, 4, 10]  p=  0.0
[0, 2, 3, 7, 8]  p=  0.0
[0, 2, 3, 6, 9]  p=  0.0
[0, 2, 3, 5, 10]  p=  0.0
[0, 2, 3, 4, 11]  p=  -0.0
[0, 2, 3, 3, 12]  p=  -0.0
[0, 2, 2, 8, 8]  p=  0.0
[0, 2, 2, 7, 9]  p=  0.0
[0, 2, 2, 6, 10]  p=  0.0
[0, 2, 2, 5, 11]  p=  -0.0
[0, 2, 2, 4, 12]  p=  -0.0
[0, 2, 2, 3, 13]  p=  -0.0
[0, 2, 2, 2, 14]  p=  -0.0
[0, 1, 6, 6, 7]  p=  0.0
[0, 1, 5, 7, 7]  p=  0.0
[0, 1, 5, 6, 8]  p=  0.0
[0, 1, 5, 5, 9]  p=  0.0
[0, 1, 4, 7, 8]  p=  0.0
[0, 1, 4, 6, 9]  p=  0.0
[0, 1, 4, 5, 10]  p=  0.0
[0, 1, 4, 4, 11]  p=  -0.0
[0, 1, 3, 8, 8]  p=  0.0
[0, 1, 3, 7, 9]  p=  0.0
[0, 1, 3, 6, 10]  p=  0.0
[0, 1, 3, 5, 11]  p=  -0.0
[0, 1, 3, 4, 12]  p=  -0.0
[0, 1, 3, 3, 13]  p=  -0.0
[0, 1, 2, 8, 9]  p=  0.0
[0, 1, 2, 7, 10]  p=  0.0
[0, 1, 2, 6, 11]  p=  -0.0
[0, 1, 2, 5, 12]  p=  -0.0
[0, 1, 2, 4, 13]  p=  -0.0
[0, 1, 2, 3, 14]  p=  -0.0
[0, 1, 2, 2, 15]  p=  -0.0
[0, 1, 1, 9, 9]  p=  0.0
[0, 1, 1, 8, 10]  p=  -0.0
[0, 1, 1, 7, 11]  p=  -0.0
[0, 1, 1, 6, 12]  p=  -0.0
[0, 1, 1, 5, 13]  p=  -0.0
[0, 1, 1, 4, 14]  p=  -0.0
[0, 1, 1, 3, 15]  p=  -0.0
[0, 1, 1, 2, 16]  p=  -0.0
[0, 1, 1, 1, 17]  p=  -0.0
[0, 0, 6, 7, 7]  p=  0.0
[0, 0, 5, 7, 8]  p=  0.0
[0, 0, 5, 6, 9]  p=  0.0
[0, 0, 5, 5, 10]  p=  0.0
[0, 0, 4, 8, 8]  p=  0.0
[0, 0, 4, 7, 9]  p=  0.0
[0, 0, 4, 6, 10]  p=  0.0
[0, 0, 4, 5, 11]  p=  -0.0
[0, 0, 4, 4, 12]  p=  -0.0
[0, 0, 3, 8, 9]  p=  0.0
[0, 0, 3, 7, 10]  p=  0.0
[0, 0, 3, 6, 11]  p=  -0.0
[0, 0, 3, 5, 12]  p=  -0.0
[0, 0, 3, 4, 13]  p=  -0.0
[0, 0, 3, 3, 14]  p=  -0.0
[0, 0, 2, 9, 9]  p=  0.0
[0, 0, 2, 8, 10]  p=  0.0
[0, 0, 2, 7, 11]  p=  -0.0
[0, 0, 2, 6, 12]  p=  -0.0
[0, 0, 2, 5, 13]  p=  -0.0
[0, 0, 2, 4, 14]  p=  -0.0
[0, 0, 2, 3, 15]  p=  -0.0
[0, 0, 2, 2, 16]  p=  -0.0
[0, 0, 1, 9, 10]  p=  -0.0
[0, 0, 1, 8, 11]  p=  -0.0
[0, 0, 1, 7, 12]  p=  -0.0
[0, 0, 1, 6, 13]  p=  -0.0
[0, 0, 1, 5, 14]  p=  -0.0
[0, 0, 1, 4, 15]  p=  -0.0
[0, 0, 1, 3, 16]  p=  -0.0
[0, 0, 1, 2, 17]  p=  -0.0
[0, 0, 1, 1, 18]  p=  -0.0
[0, 0, 0, 10, 10]  p=  -0.0
[0, 0, 0, 9, 11]  p=  -0.0
[0, 0, 0, 8, 12]  p=  -0.0
[0, 0, 0, 7, 13]  p=  -0.0
[0, 0, 0, 6, 14]  p=  -0.0
[0, 0, 0, 5, 15]  p=  -0.0
[0, 0, 0, 4, 16]  p=  -0.0
[0, 0, 0, 3, 17]  p=  -0.0
[0, 0, 0, 2, 18]  p=  -0.0
[0, 0, 0, 1, 19]  p=  -0.0
[0, 0, 0, 0, 20]  p=  -0.0
Responses by Player Two --> Player One Probability of Win
[0, 0, 6, 6, 8]  --->  0.5
[0, 1, 5, 6, 8]  --->  0.5
[0, 2, 4, 6, 8]  --->  0.5
[0, 2, 5, 5, 8]  --->  0.5
[0, 2, 6, 6, 6]  --->  0.5
[0, 3, 3, 6, 8]  --->  0.5
[0, 3, 3, 7, 7]  --->  0.5
[0, 3, 4, 5, 8]  --->  0.5
[0, 3, 4, 6, 7]  --->  0.5
[0, 4, 4, 4, 8]  --->  0.5
[1, 1, 4, 6, 8]  --->  0.5
[1, 1, 4, 7, 7]  --->  0.5
[1, 2, 3, 5, 9]  --->  0.5
[1, 2, 3, 6, 8]  --->  0.5
[1, 2, 3, 7, 7]  --->  0.5
[1, 2, 4, 5, 8]  --->  0.5
[1, 3, 3, 5, 8]  --->  0.5
[1, 3, 4, 4, 8]  --->  0.5
[2, 2, 2, 5, 9]  --->  0.5
[2, 2, 2, 6, 8]  --->  0.5
[2, 2, 2, 7, 7]  --->  0.5
[2, 2, 3, 5, 8]  --->  0.5
[2, 2, 4, 4, 8]  --->  0.5
[3, 3, 3, 4, 7]  --->  0.5
[0, 0, 4, 8, 8]  --->  0.501
[0, 0, 5, 6, 9]  --->  0.501
[0, 2, 4, 7, 7]  --->  0.501
[0, 2, 5, 6, 7]  --->  0.501
[0, 4, 4, 6, 6]  --->  0.501
[1, 1, 5, 5, 8]  --->  0.501
[2, 3, 3, 4, 8]  --->  0.501
[3, 3, 3, 3, 8]  --->  0.501
[0, 0, 5, 7, 8]  --->  0.502
[0, 1, 4, 7, 8]  --->  0.502
[0, 3, 5, 6, 6]  --->  0.502
[0, 4, 4, 5, 7]  --->  0.502
[1, 1, 3, 7, 8]  --->  0.502
[1, 1, 5, 6, 7]  --->  0.502
[1, 2, 2, 7, 8]  --->  0.502
[1, 2, 4, 6, 7]  --->  0.502
[0, 2, 3, 7, 8]  --->  0.503
[0, 3, 5, 5, 7]  --->  0.503
[1, 1, 4, 5, 9]  --->  0.503
[1, 2, 4, 4, 9]  --->  0.503
[1, 3, 3, 4, 9]  --->  0.503
[2, 2, 3, 6, 7]  --->  0.503
[1, 3, 3, 6, 7]  --->  0.504
[2, 3, 4, 4, 7]  --->  0.504
[0, 1, 3, 8, 8]  --->  0.505
[0, 1, 5, 5, 9]  --->  0.505
[0, 4, 5, 5, 6]  --->  0.505
[1, 1, 6, 6, 6]  --->  0.505
[2, 2, 3, 4, 9]  --->  0.505
[2, 2, 4, 5, 7]  --->  0.505
[0, 1, 5, 7, 7]  --->  0.506
[0, 1, 6, 6, 7]  --->  0.506
[0, 3, 3, 5, 9]  --->  0.506
[0, 3, 4, 4, 9]  --->  0.506
[1, 2, 2, 6, 9]  --->  0.506
[1, 2, 5, 5, 7]  --->  0.506
[2, 3, 3, 5, 7]  --->  0.506
[0, 2, 4, 5, 9]  --->  0.507
[1, 1, 3, 6, 9]  --->  0.507
[3, 3, 4, 4, 6]  --->  0.507
[0, 1, 4, 6, 9]  --->  0.508
[1, 4, 4, 4, 7]  --->  0.508
[2, 2, 4, 6, 6]  --->  0.508
[1, 2, 5, 6, 6]  --->  0.509
[1, 3, 4, 5, 7]  --->  0.509
[2, 3, 3, 3, 9]  --->  0.509
[2, 3, 3, 6, 6]  --->  0.509
[0, 2, 2, 8, 8]  --->  0.51
[0, 2, 3, 6, 9]  --->  0.51
[0, 5, 5, 5, 5]  --->  0.51
[1, 1, 2, 8, 8]  --->  0.51
[3, 3, 3, 5, 6]  --->  0.51
[0, 0, 4, 7, 9]  --->  0.511
[1, 3, 4, 6, 6]  --->  0.513
[0, 0, 6, 7, 7]  --->  0.515
[0, 1, 3, 7, 9]  --->  0.515
[2, 3, 4, 5, 6]  --->  0.516
[2, 4, 4, 4, 6]  --->  0.516
[4, 4, 4, 4, 4]  --->  0.516
[2, 2, 5, 5, 6]  --->  0.517
[0, 2, 2, 7, 9]  --->  0.518
[1, 1, 2, 7, 9]  --->  0.518
[3, 4, 4, 4, 5]  --->  0.519
[3, 3, 4, 5, 5]  --->  0.52
[1, 3, 5, 5, 6]  --->  0.523
[0, 0, 3, 8, 9]  --->  0.525
[1, 4, 4, 5, 6]  --->  0.526
[2, 3, 5, 5, 5]  --->  0.529
[2, 4, 4, 5, 5]  --->  0.532
[0, 1, 2, 8, 9]  --->  0.535
[1, 1, 1, 8, 9]  --->  0.544
[1, 4, 5, 5, 5]  --->  0.545
[1, 2, 2, 5, 10]  --->  0.565
[0, 0, 5, 5, 10]  --->  0.567
[1, 1, 3, 5, 10]  --->  0.569
[1, 2, 3, 4, 10]  --->  0.57
[1, 1, 4, 4, 10]  --->  0.571
[2, 2, 2, 4, 10]  --->  0.571
[0, 0, 2, 9, 9]  --->  0.572
[0, 2, 4, 4, 10]  --->  0.572
[0, 3, 3, 4, 10]  --->  0.572
[0, 0, 4, 6, 10]  --->  0.573
[0, 1, 4, 5, 10]  --->  0.573
[0, 2, 3, 5, 10]  --->  0.573
[1, 1, 2, 6, 10]  --->  0.573
[1, 3, 3, 3, 10]  --->  0.573
[0, 2, 2, 6, 10]  --->  0.576
[2, 2, 3, 3, 10]  --->  0.576
[0, 1, 3, 6, 10]  --->  0.577
[0, 0, 3, 7, 10]  --->  0.583
[0, 1, 1, 9, 9]  --->  0.584
[0, 1, 2, 7, 10]  --->  0.587
[1, 1, 1, 7, 10]  --->  0.591
[0, 0, 2, 8, 10]  --->  0.613
[0, 1, 1, 8, 10]  --->  0.621
[1, 1, 2, 5, 11]  --->  0.631
[1, 2, 2, 4, 11]  --->  0.635
[0, 2, 2, 5, 11]  --->  0.637
[0, 2, 3, 4, 11]  --->  0.637
[0, 3, 3, 3, 11]  --->  0.637
[0, 0, 4, 5, 11]  --->  0.638
[0, 1, 4, 4, 11]  --->  0.638
[1, 1, 3, 4, 11]  --->  0.638
[0, 1, 3, 5, 11]  --->  0.64
[1, 1, 1, 6, 11]  --->  0.64
[1, 2, 3, 3, 11]  --->  0.641
[0, 1, 2, 6, 11]  --->  0.643
[0, 0, 3, 6, 11]  --->  0.644
[2, 2, 2, 3, 11]  --->  0.644
[0, 0, 2, 7, 11]  --->  0.659
[0, 1, 1, 7, 11]  --->  0.662
[0, 0, 1, 9, 10]  --->  0.671
[1, 1, 1, 5, 12]  --->  0.693
[1, 1, 2, 4, 12]  --->  0.697
[0, 2, 2, 4, 12]  --->  0.698
[0, 0, 4, 4, 12]  --->  0.7
[0, 2, 3, 3, 12]  --->  0.7
[0, 1, 2, 5, 12]  --->  0.701
[0, 1, 3, 4, 12]  --->  0.701
[0, 0, 1, 8, 11]  --->  0.702
[1, 2, 2, 3, 12]  --->  0.705
[0, 0, 3, 5, 12]  --->  0.706
[1, 1, 3, 3, 12]  --->  0.706
[2, 2, 2, 2, 12]  --->  0.707
[0, 1, 1, 6, 12]  --->  0.711
[0, 0, 2, 6, 12]  --->  0.712
[0, 0, 1, 7, 12]  --->  0.736
[1, 1, 1, 4, 13]  --->  0.753
[0, 1, 2, 4, 13]  --->  0.757
[0, 2, 2, 3, 13]  --->  0.758
[0, 0, 3, 4, 13]  --->  0.759
[1, 2, 2, 2, 13]  --->  0.76
[0, 1, 3, 3, 13]  --->  0.761
[0, 1, 1, 5, 13]  --->  0.762
[1, 1, 2, 3, 13]  --->  0.762
[0, 0, 0, 9, 11]  --->  0.763
[0, 0, 0, 10, 10]  --->  0.763
[0, 0, 2, 5, 13]  --->  0.765
[0, 0, 1, 6, 13]  --->  0.78
[0, 0, 0, 8, 12]  --->  0.787
[1, 1, 2, 2, 14]  --->  0.806
[0, 2, 2, 2, 14]  --->  0.807
[0, 0, 3, 3, 14]  --->  0.81
[0, 1, 1, 4, 14]  --->  0.81
[0, 0, 2, 4, 14]  --->  0.811
[0, 0, 0, 7, 13]  --->  0.812
[0, 1, 2, 3, 14]  --->  0.812
[1, 1, 1, 3, 14]  --->  0.812
[0, 0, 1, 5, 14]  --->  0.825
[1, 1, 1, 2, 15]  --->  0.841
[0, 0, 0, 6, 14]  --->  0.847
[0, 1, 2, 2, 15]  --->  0.849
[0, 0, 2, 3, 15]  --->  0.855
[0, 1, 1, 3, 15]  --->  0.858
[0, 0, 1, 4, 15]  --->  0.861
[1, 1, 1, 1, 16]  --->  0.861
[0, 1, 1, 2, 16]  --->  0.88
[0, 0, 0, 5, 15]  --->  0.882
[0, 0, 2, 2, 16]  --->  0.886
[0, 1, 1, 1, 17]  --->  0.896
[0, 0, 1, 3, 16]  --->  0.897
[0, 0, 0, 4, 16]  --->  0.907
[0, 0, 1, 2, 17]  --->  0.913
[0, 0, 1, 1, 18]  --->  0.925
[0, 0, 0, 3, 17]  --->  0.931
[0, 0, 0, 2, 18]  --->  0.94
[0, 0, 0, 1, 19]  --->  0.948
[0, 0, 0, 0, 20]  --->  0.965
