N=10
0.5145094918130274
1. [0, 3, 4] p= 0.1882
2. [0, 0, 3] p= 0.1429
3. [1, 2, 4] p= 0.1376
4. [0, 2, 4] p= 0.137
5. [0, 2, 2] p= 0.126
6. [1, 1, 4] p= 0.0615
7. [1, 2, 3] p= 0.0513
8. [2, 3, 5] p= 0.0455
9. [1, 3, 3] p= 0.0362
10. [2, 3, 3] p= 0.0233
11. [3, 3, 4] p= 0.0221
12. [0, 3, 3] p= 0.0142
13. [2, 2, 3] p= 0.0078
14. [0, 0, 5] p= 0.0063
15. [3, 3, 3] p= 0
16. [2, 4, 4] p= 0
17. [2, 3, 4] p= 0
18. [2, 2, 5] p= 0
19. [2, 2, 4] p= 0
20. [2, 2, 2] p= 0
21. [1, 4, 5] p= 0
22. [1, 4, 4] p= 0
23. [1, 3, 5] p= 0
24. [1, 3, 4] p= 0
25. [1, 2, 5] p= 0
26. [1, 2, 2] p= 0
27. [1, 1, 5] p= 0
28. [1, 1, 3] p= 0
29. [1, 1, 2] p= 0
30. [1, 1, 1] p= 0
31. [0, 5, 5] p= 0
32. [0, 4, 5] p= 0
33. [0, 4, 4] p= 0
34. [0, 3, 5] p= 0
35. [0, 2, 5] p= 0
36. [0, 2, 3] p= 0
37. [0, 1, 5] p= 0
38. [0, 1, 4] p= 0
39. [0, 1, 3] p= 0
40. [0, 1, 2] p= 0
41. [0, 1, 1] p= 0
42. [0, 0, 4] p= 0
43. [0, 0, 2] p= 0
44. [0, 0, 1] p= 0
45. [0, 0, 0] p= 0

N=15
0.5149722253577802
1. [0, 4, 6] p= 0.162
2. [0, 2, 4] p= 0.1049
3. [1, 2, 6] p= 0.0866
4. [1, 3, 6] p= 0.0821
5. [0, 0, 5] p= 0.0664
6. [1, 4, 5] p= 0.0619
7. [2, 3, 5] p= 0.0585
8. [4, 5, 6] p= 0.0574
9. [0, 5, 6] p= 0.0471
10. [2, 4, 5] p= 0.0425
11. [0, 0, 4] p= 0.0382
12. [0, 4, 4] p= 0.0339
13. [0, 5, 5] p= 0.0285
14. [3, 3, 5] p= 0.0252
15. [2, 3, 3] p= 0.0234
16. [1, 1, 6] p= 0.019
17. [2, 2, 2] p= 0.014
18. [2, 2, 4] p= 0.0121
19. [0, 2, 3] p= 0.0113
20. [2, 3, 4] p= 0.01
21. [0, 1, 3] p= 0.0099
22. [3, 5, 7] p= 0.0045
23. [2, 5, 5] p= 0.0007
24. [5, 5, 5] p= 0
25. [4, 5, 5] p= 0
26. [4, 4, 7] p= 0
27. [4, 4, 6] p= 0
28. [4, 4, 5] p= 0
29. [4, 4, 4] p= 0
30. [3, 6, 6] p= 0
31. [3, 5, 6] p= 0
32. [3, 5, 5] p= 0
33. [3, 4, 7] p= 0
34. [3, 4, 6] p= 0
35. [3, 4, 5] p= 0
36. [3, 4, 4] p= 0
37. [3, 3, 7] p= 0
38. [3, 3, 6] p= 0
39. [3, 3, 4] p= 0
40. [3, 3, 3] p= 0
41. [2, 6, 7] p= 0
42. [2, 6, 6] p= 0
43. [2, 5, 7] p= 0
44. [2, 5, 6] p= 0
45. [2, 4, 7] p= 0
46. [2, 4, 6] p= 0
47. [2, 4, 4] p= 0
48. [2, 3, 7] p= 0
49. [2, 3, 6] p= 0
50. [2, 2, 7] p= 0
51. [2, 2, 6] p= 0
52. [2, 2, 5] p= 0
53. [2, 2, 3] p= 0
54. [1, 7, 7] p= 0
55. [1, 6, 7] p= 0
56. [1, 6, 6] p= 0
57. [1, 5, 7] p= 0
58. [1, 5, 6] p= 0
59. [1, 5, 5] p= 0
60. [1, 4, 7] p= 0
61. [1, 4, 6] p= 0
62. [1, 4, 4] p= 0
63. [1, 3, 7] p= 0
64. [1, 3, 5] p= 0
65. [1, 3, 4] p= 0
66. [1, 3, 3] p= 0
67. [1, 2, 7] p= 0
68. [1, 2, 5] p= 0
69. [1, 2, 4] p= 0
70. [1, 2, 3] p= 0
71. [1, 2, 2] p= 0
72. [1, 1, 7] p= 0
73. [1, 1, 5] p= 0
74. [1, 1, 4] p= 0
75. [1, 1, 3] p= 0
76. [1, 1, 2] p= 0
77. [1, 1, 1] p= 0
78. [0, 7, 7] p= 0
79. [0, 6, 7] p= 0
80. [0, 6, 6] p= 0
81. [0, 5, 7] p= 0
82. [0, 4, 7] p= 0
83. [0, 4, 5] p= 0
84. [0, 3, 7] p= 0
85. [0, 3, 6] p= 0
86. [0, 3, 5] p= 0
87. [0, 3, 4] p= 0
88. [0, 3, 3] p= 0
89. [0, 2, 7] p= 0
90. [0, 2, 6] p= 0
91. [0, 2, 5] p= 0
92. [0, 2, 2] p= 0
93. [0, 1, 7] p= 0
94. [0, 1, 6] p= 0
95. [0, 1, 5] p= 0
96. [0, 1, 4] p= 0
97. [0, 1, 2] p= 0
98. [0, 1, 1] p= 0
99. [0, 0, 7] p= 0
100. [0, 0, 6] p= 0
101. [0, 0, 3] p= 0
102. [0, 0, 2] p= 0
103. [0, 0, 1] p= 0
104. [0, 0, 0] p= 0


N=20
0.5150541468436395
1. [0, 6, 8] p= 0.1297
2. [0, 0, 6] p= 0.0996
3. [0, 6, 6] p= 0.0718
4. [2, 4, 6] p= 0.0665
5. [1, 3, 8] p= 0.0526
6. [1, 2, 8] p= 0.0507
7. [2, 4, 7] p= 0.0471
8. [6, 6, 8] p= 0.0432
9. [1, 5, 8] p= 0.0426
10. [0, 2, 4] p= 0.041
11. [1, 4, 8] p= 0.0322
12. [3, 4, 5] p= 0.0314
13. [1, 6, 6] p= 0.0238
14. [0, 4, 4] p= 0.0236
15. [4, 4, 4] p= 0.0195
16. [2, 4, 5] p= 0.0182
17. [3, 5, 7] p= 0.0174
18. [2, 3, 8] p= 0.017
19. [0, 2, 6] p= 0.0164
20. [3, 3, 7] p= 0.0145
21. [0, 7, 7] p= 0.0143
22. [1, 5, 7] p= 0.0141
23. [2, 5, 7] p= 0.0133
24. [0, 4, 6] p= 0.0133
25. [0, 5, 8] p= 0.0127
26. [3, 4, 7] p= 0.0126
27. [5, 7, 8] p= 0.0119
28. [2, 3, 6] p= 0.0102
29. [1, 1, 7] p= 0.0089
30. [5, 6, 9] p= 0.0082
31. [2, 5, 5] p= 0.0061
32. [3, 5, 5] p= 0.0046
33. [0, 2, 5] p= 0.0041
34. [3, 3, 5] p= 0.0026
35. [5, 5, 5] p= 0.0025
36. [3, 3, 6] p= 0.0015
37. [6, 7, 7] p= 0.0004
38. [6, 6, 7] p= 0
39. [6, 6, 6] p= 0
40. [5, 7, 7] p= 0
41. [5, 6, 8] p= 0
42. [5, 6, 7] p= 0
43. [5, 6, 6] p= 0
44. [5, 5, 9] p= 0
45. [5, 5, 8] p= 0
46. [5, 5, 7] p= 0
47. [5, 5, 6] p= 0
48. [4, 8, 8] p= 0
49. [4, 7, 9] p= 0
50. [4, 7, 8] p= 0
51. [4, 7, 7] p= 0
52. [4, 6, 9] p= 0
53. [4, 6, 8] p= 0
54. [4, 6, 7] p= 0
55. [4, 6, 6] p= 0
56. [4, 5, 9] p= 0
57. [4, 5, 8] p= 0
58. [4, 5, 7] p= 0
59. [4, 5, 6] p= 0
60. [4, 5, 5] p= 0
61. [4, 4, 9] p= 0
62. [4, 4, 8] p= 0
63. [4, 4, 7] p= 0
64. [4, 4, 6] p= 0
65. [4, 4, 5] p= 0
66. [3, 8, 9] p= 0
67. [3, 8, 8] p= 0
68. [3, 7, 9] p= 0
69. [3, 7, 8] p= 0
70. [3, 7, 7] p= 0
71. [3, 6, 9] p= 0
72. [3, 6, 8] p= 0
73. [3, 6, 7] p= 0
74. [3, 6, 6] p= 0
75. [3, 5, 9] p= 0
76. [3, 5, 8] p= 0
77. [3, 5, 6] p= 0
78. [3, 4, 9] p= 0
79. [3, 4, 8] p= 0
80. [3, 4, 6] p= 0
81. [3, 4, 4] p= 0
82. [3, 3, 9] p= 0
83. [3, 3, 8] p= 0
84. [3, 3, 4] p= 0
85. [3, 3, 3] p= 0
86. [2, 9, 9] p= 0
87. [2, 8, 9] p= 0
88. [2, 8, 8] p= 0
89. [2, 7, 9] p= 0
90. [2, 7, 8] p= 0
91. [2, 7, 7] p= 0
92. [2, 6, 9] p= 0
93. [2, 6, 8] p= 0
94. [2, 6, 7] p= 0
95. [2, 6, 6] p= 0
96. [2, 5, 9] p= 0
97. [2, 5, 8] p= 0
98. [2, 5, 6] p= 0
99. [2, 4, 9] p= 0
100. [2, 4, 8] p= 0
101. [2, 4, 4] p= 0
102. [2, 3, 9] p= 0
103. [2, 3, 7] p= 0
104. [2, 3, 5] p= 0
105. [2, 3, 4] p= 0
106. [2, 3, 3] p= 0
107. [2, 2, 9] p= 0
108. [2, 2, 8] p= 0
109. [2, 2, 7] p= 0
110. [2, 2, 6] p= 0
111. [2, 2, 5] p= 0
112. [2, 2, 4] p= 0
113. [2, 2, 3] p= 0
114. [2, 2, 2] p= 0
115. [1, 9, 9] p= 0
116. [1, 8, 9] p= 0
117. [1, 8, 8] p= 0
118. [1, 7, 9] p= 0
119. [1, 7, 8] p= 0
120. [1, 7, 7] p= 0
121. [1, 6, 9] p= 0
122. [1, 6, 8] p= 0
123. [1, 6, 7] p= 0
124. [1, 5, 9] p= 0
125. [1, 5, 6] p= 0
126. [1, 5, 5] p= 0
127. [1, 4, 9] p= 0
128. [1, 4, 7] p= 0
129. [1, 4, 6] p= 0
130. [1, 4, 5] p= 0
131. [1, 4, 4] p= 0
132. [1, 3, 9] p= 0
133. [1, 3, 7] p= 0
134. [1, 3, 6] p= 0
135. [1, 3, 5] p= 0
136. [1, 3, 4] p= 0
137. [1, 3, 3] p= 0
138. [1, 2, 9] p= 0
139. [1, 2, 7] p= 0
140. [1, 2, 6] p= 0
141. [1, 2, 5] p= 0
142. [1, 2, 4] p= 0
143. [1, 2, 3] p= 0
144. [1, 2, 2] p= 0
145. [1, 1, 9] p= 0
146. [1, 1, 8] p= 0
147. [1, 1, 6] p= 0
148. [1, 1, 5] p= 0
149. [1, 1, 4] p= 0
150. [1, 1, 3] p= 0
151. [1, 1, 2] p= 0
152. [1, 1, 1] p= 0
153. [0, 9, 9] p= 0
154. [0, 8, 9] p= 0
155. [0, 8, 8] p= 0
156. [0, 7, 9] p= 0
157. [0, 7, 8] p= 0
158. [0, 6, 9] p= 0
159. [0, 6, 7] p= 0
160. [0, 5, 9] p= 0
161. [0, 5, 7] p= 0
162. [0, 5, 6] p= 0
163. [0, 5, 5] p= 0
164. [0, 4, 9] p= 0
165. [0, 4, 8] p= 0
166. [0, 4, 7] p= 0
167. [0, 4, 5] p= 0
168. [0, 3, 9] p= 0
169. [0, 3, 8] p= 0
170. [0, 3, 7] p= 0
171. [0, 3, 6] p= 0
172. [0, 3, 5] p= 0
173. [0, 3, 4] p= 0
174. [0, 3, 3] p= 0
175. [0, 2, 9] p= 0
176. [0, 2, 8] p= 0
177. [0, 2, 7] p= 0
178. [0, 2, 3] p= 0
179. [0, 2, 2] p= 0
180. [0, 1, 9] p= 0
181. [0, 1, 8] p= 0
182. [0, 1, 7] p= 0
183. [0, 1, 6] p= 0
184. [0, 1, 5] p= 0
185. [0, 1, 4] p= 0
186. [0, 1, 3] p= 0
187. [0, 1, 2] p= 0
188. [0, 1, 1] p= 0
189. [0, 0, 9] p= 0
190. [0, 0, 8] p= 0
191. [0, 0, 7] p= 0
192. [0, 0, 5] p= 0
193. [0, 0, 4] p= 0
194. [0, 0, 3] p= 0
195. [0, 0, 2] p= 0
196. [0, 0, 1] p= 0
197. [0, 0, 0] p= 0

N=25
0.5154173104949415
1. [0, 7, 10] p= 0.0625
2. [0, 8, 10] p= 0.0558
3. [0, 0, 8] p= 0.0505
4. [2, 6, 9] p= 0.0472
5. [2, 6, 8] p= 0.046
6. [0, 8, 8] p= 0.0442
7. [7, 8, 10] p= 0.0437
8. [0, 2, 6] p= 0.0431
9. [1, 5, 10] p= 0.0425
10. [3, 5, 9] p= 0.0357
11. [1, 7, 8] p= 0.03
12. [1, 6, 10] p= 0.0293
13. [0, 4, 6] p= 0.028
14. [0, 4, 4] p= 0.0259
15. [2, 4, 8] p= 0.0251
16. [1, 3, 10] p= 0.0246
17. [2, 6, 6] p= 0.0224
18. [4, 4, 9] p= 0.0207
19. [1, 3, 9] p= 0.0206
20. [0, 0, 7] p= 0.0189
21. [1, 4, 10] p= 0.0174
22. [1, 4, 9] p= 0.0168
23. [4, 5, 7] p= 0.0166
24. [4, 4, 6] p= 0.0148
25. [2, 2, 10] p= 0.0148
26. [5, 7, 7] p= 0.0144
27. [1, 6, 8] p= 0.0137
28. [3, 4, 9] p= 0.0126
29. [3, 5, 7] p= 0.0116
30. [1, 6, 9] p= 0.0112
31. [1, 1, 9] p= 0.011
32. [3, 5, 8] p= 0.0104
33. [3, 3, 9] p= 0.0103
34. [3, 6, 7] p= 0.0099
35. [5, 5, 7] p= 0.0098
36. [0, 4, 5] p= 0.0081
37. [6, 9, 10] p= 0.0073
38. [3, 7, 7] p= 0.007
39. [5, 9, 11] p= 0.0067
40. [3, 3, 10] p= 0.0067
41. [5, 5, 5] p= 0.0065
42. [4, 5, 6] p= 0.0065
43. [0, 3, 6] p= 0.0064
44. [3, 7, 8] p= 0.0052
45. [3, 3, 8] p= 0.005
46. [3, 6, 6] p= 0.0044
47. [0, 2, 5] p= 0.0043
48. [4, 4, 7] p= 0.0042
49. [1, 2, 10] p= 0.004
50. [1, 5, 9] p= 0.0038
51. [2, 2, 8] p= 0.002
52. [8, 8, 9] p= 0
53. [8, 8, 8] p= 0
54. [7, 9, 9] p= 0
55. [7, 8, 9] p= 0
56. [7, 8, 8] p= 0
57. [7, 7, 11] p= 0
58. [7, 7, 10] p= 0
59. [7, 7, 9] p= 0
60. [7, 7, 8] p= 0
61. [7, 7, 7] p= 0
62. [6, 9, 9] p= 0
63. [6, 8, 11] p= 0
64. [6, 8, 10] p= 0
65. [6, 8, 9] p= 0
66. [6, 8, 8] p= 0
67. [6, 7, 11] p= 0
68. [6, 7, 10] p= 0
69. [6, 7, 9] p= 0
70. [6, 7, 8] p= 0
71. [6, 7, 7] p= 0
72. [6, 6, 11] p= 0
73. [6, 6, 10] p= 0
74. [6, 6, 9] p= 0
75. [6, 6, 8] p= 0
76. [6, 6, 7] p= 0
77. [6, 6, 6] p= 0
78. [5, 10, 10] p= 0
79. [5, 9, 10] p= 0
80. [5, 9, 9] p= 0
81. [5, 8, 11] p= 0
82. [5, 8, 10] p= 0
83. [5, 8, 9] p= 0
84. [5, 8, 8] p= 0
85. [5, 7, 11] p= 0
86. [5, 7, 10] p= 0
87. [5, 7, 9] p= 0
88. [5, 7, 8] p= 0
89. [5, 6, 11] p= 0
90. [5, 6, 10] p= 0
91. [5, 6, 9] p= 0
92. [5, 6, 8] p= 0
93. [5, 6, 7] p= 0
94. [5, 6, 6] p= 0
95. [5, 5, 11] p= 0
96. [5, 5, 10] p= 0
97. [5, 5, 9] p= 0
98. [5, 5, 8] p= 0
99. [5, 5, 6] p= 0
100. [4, 10, 11] p= 0
101. [4, 10, 10] p= 0
102. [4, 9, 11] p= 0
103. [4, 9, 10] p= 0
104. [4, 9, 9] p= 0
105. [4, 8, 11] p= 0
106. [4, 8, 10] p= 0
107. [4, 8, 9] p= 0
108. [4, 8, 8] p= 0
109. [4, 7, 11] p= 0
110. [4, 7, 10] p= 0
111. [4, 7, 9] p= 0
112. [4, 7, 8] p= 0
113. [4, 7, 7] p= 0
114. [4, 6, 11] p= 0
115. [4, 6, 10] p= 0
116. [4, 6, 9] p= 0
117. [4, 6, 8] p= 0
118. [4, 6, 7] p= 0
119. [4, 6, 6] p= 0
120. [4, 5, 11] p= 0
121. [4, 5, 10] p= 0
122. [4, 5, 9] p= 0
123. [4, 5, 8] p= 0
124. [4, 5, 5] p= 0
125. [4, 4, 11] p= 0
126. [4, 4, 10] p= 0
127. [4, 4, 8] p= 0
128. [4, 4, 5] p= 0
129. [4, 4, 4] p= 0
130. [3, 11, 11] p= 0
131. [3, 10, 11] p= 0
132. [3, 10, 10] p= 0
133. [3, 9, 11] p= 0
134. [3, 9, 10] p= 0
135. [3, 9, 9] p= 0
136. [3, 8, 11] p= 0
137. [3, 8, 10] p= 0
138. [3, 8, 9] p= 0
139. [3, 8, 8] p= 0
140. [3, 7, 11] p= 0
141. [3, 7, 10] p= 0
142. [3, 7, 9] p= 0
143. [3, 6, 11] p= 0
144. [3, 6, 10] p= 0
145. [3, 6, 9] p= 0
146. [3, 6, 8] p= 0
147. [3, 5, 11] p= 0
148. [3, 5, 10] p= 0
149. [3, 5, 6] p= 0
150. [3, 5, 5] p= 0
151. [3, 4, 11] p= 0
152. [3, 4, 10] p= 0
153. [3, 4, 8] p= 0
154. [3, 4, 7] p= 0
155. [3, 4, 6] p= 0
156. [3, 4, 5] p= 0
157. [3, 4, 4] p= 0
158. [3, 3, 11] p= 0
159. [3, 3, 7] p= 0
160. [3, 3, 6] p= 0
161. [3, 3, 5] p= 0
162. [3, 3, 4] p= 0
163. [3, 3, 3] p= 0
164. [2, 11, 11] p= 0
165. [2, 10, 11] p= 0
166. [2, 10, 10] p= 0
167. [2, 9, 11] p= 0
168. [2, 9, 10] p= 0
169. [2, 9, 9] p= 0
170. [2, 8, 11] p= 0
171. [2, 8, 10] p= 0
172. [2, 8, 9] p= 0
173. [2, 8, 8] p= 0
174. [2, 7, 11] p= 0
175. [2, 7, 10] p= 0
176. [2, 7, 9] p= 0
177. [2, 7, 8] p= 0
178. [2, 7, 7] p= 0
179. [2, 6, 11] p= 0
180. [2, 6, 10] p= 0
181. [2, 6, 7] p= 0
182. [2, 5, 11] p= 0
183. [2, 5, 10] p= 0
184. [2, 5, 9] p= 0
185. [2, 5, 8] p= 0
186. [2, 5, 7] p= 0
187. [2, 5, 6] p= 0
188. [2, 5, 5] p= 0
189. [2, 4, 11] p= 0
190. [2, 4, 10] p= 0
191. [2, 4, 9] p= 0
192. [2, 4, 7] p= 0
193. [2, 4, 6] p= 0
194. [2, 4, 5] p= 0
195. [2, 4, 4] p= 0
196. [2, 3, 11] p= 0
197. [2, 3, 10] p= 0
198. [2, 3, 9] p= 0
199. [2, 3, 8] p= 0
200. [2, 3, 7] p= 0
201. [2, 3, 6] p= 0
202. [2, 3, 5] p= 0
203. [2, 3, 4] p= 0
204. [2, 3, 3] p= 0
205. [2, 2, 11] p= 0
206. [2, 2, 9] p= 0
207. [2, 2, 7] p= 0
208. [2, 2, 6] p= 0
209. [2, 2, 5] p= 0
210. [2, 2, 4] p= 0
211. [2, 2, 3] p= 0
212. [2, 2, 2] p= 0
213. [1, 11, 11] p= 0
214. [1, 10, 11] p= 0
215. [1, 10, 10] p= 0
216. [1, 9, 11] p= 0
217. [1, 9, 10] p= 0
218. [1, 9, 9] p= 0
219. [1, 8, 11] p= 0
220. [1, 8, 10] p= 0
221. [1, 8, 9] p= 0
222. [1, 8, 8] p= 0
223. [1, 7, 11] p= 0
224. [1, 7, 10] p= 0
225. [1, 7, 9] p= 0
226. [1, 7, 7] p= 0
227. [1, 6, 11] p= 0
228. [1, 6, 7] p= 0
229. [1, 6, 6] p= 0
230. [1, 5, 11] p= 0
231. [1, 5, 8] p= 0
232. [1, 5, 7] p= 0
233. [1, 5, 6] p= 0
234. [1, 5, 5] p= 0
235. [1, 4, 11] p= 0
236. [1, 4, 8] p= 0
237. [1, 4, 7] p= 0
238. [1, 4, 6] p= 0
239. [1, 4, 5] p= 0
240. [1, 4, 4] p= 0
241. [1, 3, 11] p= 0
242. [1, 3, 8] p= 0
243. [1, 3, 7] p= 0
244. [1, 3, 6] p= 0
245. [1, 3, 5] p= 0
246. [1, 3, 4] p= 0
247. [1, 3, 3] p= 0
248. [1, 2, 11] p= 0
249. [1, 2, 9] p= 0
250. [1, 2, 8] p= 0
251. [1, 2, 7] p= 0
252. [1, 2, 6] p= 0
253. [1, 2, 5] p= 0
254. [1, 2, 4] p= 0
255. [1, 2, 3] p= 0
256. [1, 2, 2] p= 0
257. [1, 1, 11] p= 0
258. [1, 1, 10] p= 0
259. [1, 1, 8] p= 0
260. [1, 1, 7] p= 0
261. [1, 1, 6] p= 0
262. [1, 1, 5] p= 0
263. [1, 1, 4] p= 0
264. [1, 1, 3] p= 0
265. [1, 1, 2] p= 0
266. [1, 1, 1] p= 0
267. [0, 11, 11] p= 0
268. [0, 10, 11] p= 0
269. [0, 10, 10] p= 0
270. [0, 9, 11] p= 0
271. [0, 9, 10] p= 0
272. [0, 9, 9] p= 0
273. [0, 8, 11] p= 0
274. [0, 8, 9] p= 0
275. [0, 7, 11] p= 0
276. [0, 7, 9] p= 0
277. [0, 7, 8] p= 0
278. [0, 7, 7] p= 0
279. [0, 6, 11] p= 0
280. [0, 6, 10] p= 0
281. [0, 6, 9] p= 0
282. [0, 6, 8] p= 0
283. [0, 6, 7] p= 0
284. [0, 6, 6] p= 0
285. [0, 5, 11] p= 0
286. [0, 5, 10] p= 0
287. [0, 5, 9] p= 0
288. [0, 5, 8] p= 0
289. [0, 5, 7] p= 0
290. [0, 5, 6] p= 0
291. [0, 5, 5] p= 0
292. [0, 4, 11] p= 0
293. [0, 4, 10] p= 0
294. [0, 4, 9] p= 0
295. [0, 4, 8] p= 0
296. [0, 4, 7] p= 0
297. [0, 3, 11] p= 0
298. [0, 3, 10] p= 0
299. [0, 3, 9] p= 0
300. [0, 3, 8] p= 0
301. [0, 3, 7] p= 0
302. [0, 3, 5] p= 0
303. [0, 3, 4] p= 0
304. [0, 3, 3] p= 0
305. [0, 2, 11] p= 0
306. [0, 2, 10] p= 0
307. [0, 2, 9] p= 0
308. [0, 2, 8] p= 0
309. [0, 2, 7] p= 0
310. [0, 2, 4] p= 0
311. [0, 2, 3] p= 0
312. [0, 2, 2] p= 0
313. [0, 1, 11] p= 0
314. [0, 1, 10] p= 0
315. [0, 1, 9] p= 0
316. [0, 1, 8] p= 0
317. [0, 1, 7] p= 0
318. [0, 1, 6] p= 0
319. [0, 1, 5] p= 0
320. [0, 1, 4] p= 0
321. [0, 1, 3] p= 0
322. [0, 1, 2] p= 0
323. [0, 1, 1] p= 0
324. [0, 0, 11] p= 0
325. [0, 0, 10] p= 0
326. [0, 0, 9] p= 0
327. [0, 0, 6] p= 0
328. [0, 0, 5] p= 0
329. [0, 0, 4] p= 0
330. [0, 0, 3] p= 0
331. [0, 0, 2] p= 0
332. [0, 0, 1] p= 0
333. [0, 0, 0] p= 0

N=30
0.5155015818488475
1. [0, 9, 12] p= 0.0712
2. [2, 7, 11] p= 0.0385
3. [1, 8, 10] p= 0.0361
4. [1, 7, 12] p= 0.036
5. [0, 0, 9] p= 0.0308
6. [0, 10, 10] p= 0.0301
7. [0, 4, 6] p= 0.0296
8. [0, 0, 10] p= 0.0292
9. [4, 6, 8] p= 0.0288
10. [0, 0, 8] p= 0.0277
11. [0, 8, 13] p= 0.0256
12. [9, 9, 12] p= 0.0229
13. [1, 5, 12] p= 0.0212
14. [3, 8, 8] p= 0.0211
15. [8, 10, 12] p= 0.0193
16. [3, 7, 10] p= 0.0184
17. [4, 6, 10] p= 0.0182
18. [2, 9, 9] p= 0.0178
19. [2, 5, 10] p= 0.0172
20. [4, 7, 8] p= 0.0153
21. [0, 6, 6] p= 0.0151
22. [1, 1, 11] p= 0.015
23. [3, 6, 11] p= 0.0145
24. [1, 8, 11] p= 0.0145
25. [0, 9, 9] p= 0.0145
26. [3, 5, 11] p= 0.0144
27. [7, 11, 12] p= 0.0142
28. [3, 4, 10] p= 0.0142
29. [2, 3, 12] p= 0.0142
30. [4, 5, 11] p= 0.0124
31. [2, 8, 10] p= 0.0121
32. [0, 10, 12] p= 0.012
33. [0, 2, 7] p= 0.0118
34. [5, 6, 7] p= 0.0115
35. [5, 7, 7] p= 0.0114
36. [1, 6, 12] p= 0.0111
37. [0, 3, 8] p= 0.0109
38. [5, 6, 8] p= 0.0107
39. [2, 5, 8] p= 0.0107
40. [0, 11, 11] p= 0.0107
41. [4, 5, 8] p= 0.0099
42. [3, 7, 8] p= 0.0096
43. [3, 6, 10] p= 0.0093
44. [1, 4, 12] p= 0.0093
45. [1, 3, 10] p= 0.0091
46. [6, 6, 6] p= 0.0089
47. [1, 3, 12] p= 0.0088
48. [2, 6, 10] p= 0.0081
49. [2, 4, 12] p= 0.0069
50. [4, 6, 9] p= 0.0067
51. [2, 2, 10] p= 0.0067
52. [2, 6, 8] p= 0.0064
53. [2, 4, 10] p= 0.0061
54. [4, 4, 9] p= 0.006
55. [1, 9, 10] p= 0.006
56. [1, 3, 11] p= 0.0059
57. [1, 6, 11] p= 0.0052
58. [0, 4, 7] p= 0.005
59. [3, 4, 12] p= 0.0049
60. [10, 10, 10] p= 0.0047
61. [3, 6, 8] p= 0.0042
62. [4, 5, 10] p= 0.0039
63. [5, 5, 10] p= 0.0034
64. [0, 4, 8] p= 0.0034
65. [0, 5, 5] p= 0.0033
66. [2, 2, 12] p= 0.0032
67. [0, 10, 11] p= 0.0032
68. [0, 0, 7] p= 0.003
69. [3, 3, 12] p= 0.0028
70. [5, 5, 11] p= 0.0025
71. [7, 7, 7] p= 0.0021
72. [0, 2, 8] p= 0.0021
73. [1, 5, 11] p= 0.002
74. [5, 5, 9] p= 0.0018
75. [7, 7, 9] p= 0.0017
76. [1, 8, 12] p= 0.0012
77. [2, 5, 11] p= 0.0008
78. [5, 9, 9] p= 0.0006
79. [3, 7, 11] p= 0.0004
80. [4, 4, 4] p= 0.0003
81. [9, 10, 11] p= 0
82. [9, 10, 10] p= 0
83. [9, 9, 11] p= 0
84. [9, 9, 10] p= 0
85. [9, 9, 9] p= 0
86. [8, 11, 11] p= 0
87. [8, 10, 11] p= 0
88. [8, 10, 10] p= 0
89. [8, 9, 13] p= 0
90. [8, 9, 12] p= 0
91. [8, 9, 11] p= 0
92. [8, 9, 10] p= 0
93. [8, 9, 9] p= 0
94. [8, 8, 13] p= 0
95. [8, 8, 12] p= 0
96. [8, 8, 11] p= 0
97. [8, 8, 10] p= 0
98. [8, 8, 9] p= 0
99. [8, 8, 8] p= 0
100. [7, 11, 11] p= 0
101. [7, 10, 13] p= 0
102. [7, 10, 12] p= 0
103. [7, 10, 11] p= 0
104. [7, 10, 10] p= 0
105. [7, 9, 13] p= 0
106. [7, 9, 12] p= 0
107. [7, 9, 11] p= 0
108. [7, 9, 10] p= 0
109. [7, 9, 9] p= 0
110. [7, 8, 13] p= 0
111. [7, 8, 12] p= 0
112. [7, 8, 11] p= 0
113. [7, 8, 10] p= 0
114. [7, 8, 9] p= 0
115. [7, 8, 8] p= 0
116. [7, 7, 13] p= 0
117. [7, 7, 12] p= 0
118. [7, 7, 11] p= 0
119. [7, 7, 10] p= 0
120. [7, 7, 8] p= 0
121. [6, 12, 12] p= 0
122. [6, 11, 13] p= 0
123. [6, 11, 12] p= 0
124. [6, 11, 11] p= 0
125. [6, 10, 13] p= 0
126. [6, 10, 12] p= 0
127. [6, 10, 11] p= 0
128. [6, 10, 10] p= 0
129. [6, 9, 13] p= 0
130. [6, 9, 12] p= 0
131. [6, 9, 11] p= 0
132. [6, 9, 10] p= 0
133. [6, 9, 9] p= 0
134. [6, 8, 13] p= 0
135. [6, 8, 12] p= 0
136. [6, 8, 11] p= 0
137. [6, 8, 10] p= 0
138. [6, 8, 9] p= 0
139. [6, 8, 8] p= 0
140. [6, 7, 13] p= 0
141. [6, 7, 12] p= 0
142. [6, 7, 11] p= 0
143. [6, 7, 10] p= 0
144. [6, 7, 9] p= 0
145. [6, 7, 8] p= 0
146. [6, 7, 7] p= 0
147. [6, 6, 13] p= 0
148. [6, 6, 12] p= 0
149. [6, 6, 11] p= 0
150. [6, 6, 10] p= 0
151. [6, 6, 9] p= 0
152. [6, 6, 8] p= 0
153. [6, 6, 7] p= 0
154. [5, 12, 13] p= 0
155. [5, 12, 12] p= 0
156. [5, 11, 13] p= 0
157. [5, 11, 12] p= 0
158. [5, 11, 11] p= 0
159. [5, 10, 13] p= 0
160. [5, 10, 12] p= 0
161. [5, 10, 11] p= 0
162. [5, 10, 10] p= 0
163. [5, 9, 13] p= 0
164. [5, 9, 12] p= 0
165. [5, 9, 11] p= 0
166. [5, 9, 10] p= 0
167. [5, 8, 13] p= 0
168. [5, 8, 12] p= 0
169. [5, 8, 11] p= 0
170. [5, 8, 10] p= 0
171. [5, 8, 9] p= 0
172. [5, 8, 8] p= 0
173. [5, 7, 13] p= 0
174. [5, 7, 12] p= 0
175. [5, 7, 11] p= 0
176. [5, 7, 10] p= 0
177. [5, 7, 9] p= 0
178. [5, 7, 8] p= 0
179. [5, 6, 13] p= 0
180. [5, 6, 12] p= 0
181. [5, 6, 11] p= 0
182. [5, 6, 10] p= 0
183. [5, 6, 9] p= 0
184. [5, 6, 6] p= 0
185. [5, 5, 13] p= 0
186. [5, 5, 12] p= 0
187. [5, 5, 8] p= 0
188. [5, 5, 7] p= 0
189. [5, 5, 6] p= 0
190. [5, 5, 5] p= 0
191. [4, 13, 13] p= 0
192. [4, 12, 13] p= 0
193. [4, 12, 12] p= 0
194. [4, 11, 13] p= 0
195. [4, 11, 12] p= 0
196. [4, 11, 11] p= 0
197. [4, 10, 13] p= 0
198. [4, 10, 12] p= 0
199. [4, 10, 11] p= 0
200. [4, 10, 10] p= 0
201. [4, 9, 13] p= 0
202. [4, 9, 12] p= 0
203. [4, 9, 11] p= 0
204. [4, 9, 10] p= 0
205. [4, 9, 9] p= 0
206. [4, 8, 13] p= 0
207. [4, 8, 12] p= 0
208. [4, 8, 11] p= 0
209. [4, 8, 10] p= 0
210. [4, 8, 9] p= 0
211. [4, 8, 8] p= 0
212. [4, 7, 13] p= 0
213. [4, 7, 12] p= 0
214. [4, 7, 11] p= 0
215. [4, 7, 10] p= 0
216. [4, 7, 9] p= 0
217. [4, 7, 7] p= 0
218. [4, 6, 13] p= 0
219. [4, 6, 12] p= 0
220. [4, 6, 11] p= 0
221. [4, 6, 7] p= 0
222. [4, 6, 6] p= 0
223. [4, 5, 13] p= 0
224. [4, 5, 12] p= 0
225. [4, 5, 9] p= 0
226. [4, 5, 7] p= 0
227. [4, 5, 6] p= 0
228. [4, 5, 5] p= 0
229. [4, 4, 13] p= 0
230. [4, 4, 12] p= 0
231. [4, 4, 11] p= 0
232. [4, 4, 10] p= 0
233. [4, 4, 8] p= 0
234. [4, 4, 7] p= 0
235. [4, 4, 6] p= 0
236. [4, 4, 5] p= 0
237. [3, 13, 13] p= 0
238. [3, 12, 13] p= 0
239. [3, 12, 12] p= 0
240. [3, 11, 13] p= 0
241. [3, 11, 12] p= 0
242. [3, 11, 11] p= 0
243. [3, 10, 13] p= 0
244. [3, 10, 12] p= 0
245. [3, 10, 11] p= 0
246. [3, 10, 10] p= 0
247. [3, 9, 13] p= 0
248. [3, 9, 12] p= 0
249. [3, 9, 11] p= 0
250. [3, 9, 10] p= 0
251. [3, 9, 9] p= 0
252. [3, 8, 13] p= 0
253. [3, 8, 12] p= 0
254. [3, 8, 11] p= 0
255. [3, 8, 10] p= 0
256. [3, 8, 9] p= 0
257. [3, 7, 13] p= 0
258. [3, 7, 12] p= 0
259. [3, 7, 9] p= 0
260. [3, 7, 7] p= 0
261. [3, 6, 13] p= 0
262. [3, 6, 12] p= 0
263. [3, 6, 9] p= 0
264. [3, 6, 7] p= 0
265. [3, 6, 6] p= 0
266. [3, 5, 13] p= 0
267. [3, 5, 12] p= 0
268. [3, 5, 10] p= 0
269. [3, 5, 9] p= 0
270. [3, 5, 8] p= 0
271. [3, 5, 7] p= 0
272. [3, 5, 6] p= 0
273. [3, 5, 5] p= 0
274. [3, 4, 13] p= 0
275. [3, 4, 11] p= 0
276. [3, 4, 9] p= 0
277. [3, 4, 8] p= 0
278. [3, 4, 7] p= 0
279. [3, 4, 6] p= 0
280. [3, 4, 5] p= 0
281. [3, 4, 4] p= 0
282. [3, 3, 13] p= 0
283. [3, 3, 11] p= 0
284. [3, 3, 10] p= 0
285. [3, 3, 9] p= 0
286. [3, 3, 8] p= 0
287. [3, 3, 7] p= 0
288. [3, 3, 6] p= 0
289. [3, 3, 5] p= 0
290. [3, 3, 4] p= 0
291. [3, 3, 3] p= 0
292. [2, 13, 13] p= 0
293. [2, 12, 13] p= 0
294. [2, 12, 12] p= 0
295. [2, 11, 13] p= 0
296. [2, 11, 12] p= 0
297. [2, 11, 11] p= 0
298. [2, 10, 13] p= 0
299. [2, 10, 12] p= 0
300. [2, 10, 11] p= 0
301. [2, 10, 10] p= 0
302. [2, 9, 13] p= 0
303. [2, 9, 12] p= 0
304. [2, 9, 11] p= 0
305. [2, 9, 10] p= 0
306. [2, 8, 13] p= 0
307. [2, 8, 12] p= 0
308. [2, 8, 11] p= 0
309. [2, 8, 9] p= 0
310. [2, 8, 8] p= 0
311. [2, 7, 13] p= 0
312. [2, 7, 12] p= 0
313. [2, 7, 10] p= 0
314. [2, 7, 9] p= 0
315. [2, 7, 8] p= 0
316. [2, 7, 7] p= 0
317. [2, 6, 13] p= 0
318. [2, 6, 12] p= 0
319. [2, 6, 11] p= 0
320. [2, 6, 9] p= 0
321. [2, 6, 7] p= 0
322. [2, 6, 6] p= 0
323. [2, 5, 13] p= 0
324. [2, 5, 12] p= 0
325. [2, 5, 9] p= 0
326. [2, 5, 7] p= 0
327. [2, 5, 6] p= 0
328. [2, 5, 5] p= 0
329. [2, 4, 13] p= 0
330. [2, 4, 11] p= 0
331. [2, 4, 9] p= 0
332. [2, 4, 8] p= 0
333. [2, 4, 7] p= 0
334. [2, 4, 6] p= 0
335. [2, 4, 5] p= 0
336. [2, 4, 4] p= 0
337. [2, 3, 13] p= 0
338. [2, 3, 11] p= 0
339. [2, 3, 10] p= 0
340. [2, 3, 9] p= 0
341. [2, 3, 8] p= 0
342. [2, 3, 7] p= 0
343. [2, 3, 6] p= 0
344. [2, 3, 5] p= 0
345. [2, 3, 4] p= 0
346. [2, 3, 3] p= 0
347. [2, 2, 13] p= 0
348. [2, 2, 11] p= 0
349. [2, 2, 9] p= 0
350. [2, 2, 8] p= 0
351. [2, 2, 7] p= 0
352. [2, 2, 6] p= 0
353. [2, 2, 5] p= 0
354. [2, 2, 4] p= 0
355. [2, 2, 3] p= 0
356. [2, 2, 2] p= 0
357. [1, 13, 13] p= 0
358. [1, 12, 13] p= 0
359. [1, 12, 12] p= 0
360. [1, 11, 13] p= 0
361. [1, 11, 12] p= 0
362. [1, 11, 11] p= 0
363. [1, 10, 13] p= 0
364. [1, 10, 12] p= 0
365. [1, 10, 11] p= 0
366. [1, 10, 10] p= 0
367. [1, 9, 13] p= 0
368. [1, 9, 12] p= 0
369. [1, 9, 11] p= 0
370. [1, 9, 9] p= 0
371. [1, 8, 13] p= 0
372. [1, 8, 9] p= 0
373. [1, 8, 8] p= 0
374. [1, 7, 13] p= 0
375. [1, 7, 11] p= 0
376. [1, 7, 10] p= 0
377. [1, 7, 9] p= 0
378. [1, 7, 8] p= 0
379. [1, 7, 7] p= 0
380. [1, 6, 13] p= 0
381. [1, 6, 10] p= 0
382. [1, 6, 9] p= 0
383. [1, 6, 8] p= 0
384. [1, 6, 7] p= 0
385. [1, 6, 6] p= 0
386. [1, 5, 13] p= 0
387. [1, 5, 10] p= 0
388. [1, 5, 9] p= 0
389. [1, 5, 8] p= 0
390. [1, 5, 7] p= 0
391. [1, 5, 6] p= 0
392. [1, 5, 5] p= 0
393. [1, 4, 13] p= 0
394. [1, 4, 11] p= 0
395. [1, 4, 10] p= 0
396. [1, 4, 9] p= 0
397. [1, 4, 8] p= 0
398. [1, 4, 7] p= 0
399. [1, 4, 6] p= 0
400. [1, 4, 5] p= 0
401. [1, 4, 4] p= 0
402. [1, 3, 13] p= 0
403. [1, 3, 9] p= 0
404. [1, 3, 8] p= 0
405. [1, 3, 7] p= 0
406. [1, 3, 6] p= 0
407. [1, 3, 5] p= 0
408. [1, 3, 4] p= 0
409. [1, 3, 3] p= 0
410. [1, 2, 13] p= 0
411. [1, 2, 12] p= 0
412. [1, 2, 11] p= 0
413. [1, 2, 10] p= 0
414. [1, 2, 9] p= 0
415. [1, 2, 8] p= 0
416. [1, 2, 7] p= 0
417. [1, 2, 6] p= 0
418. [1, 2, 5] p= 0
419. [1, 2, 4] p= 0
420. [1, 2, 3] p= 0
421. [1, 2, 2] p= 0
422. [1, 1, 13] p= 0
423. [1, 1, 12] p= 0
424. [1, 1, 10] p= 0
425. [1, 1, 9] p= 0
426. [1, 1, 8] p= 0
427. [1, 1, 7] p= 0
428. [1, 1, 6] p= 0
429. [1, 1, 5] p= 0
430. [1, 1, 4] p= 0
431. [1, 1, 3] p= 0
432. [1, 1, 2] p= 0
433. [1, 1, 1] p= 0
434. [0, 13, 13] p= 0
435. [0, 12, 13] p= 0
436. [0, 12, 12] p= 0
437. [0, 11, 13] p= 0
438. [0, 11, 12] p= 0
439. [0, 10, 13] p= 0
440. [0, 9, 13] p= 0
441. [0, 9, 11] p= 0
442. [0, 9, 10] p= 0
443. [0, 8, 12] p= 0
444. [0, 8, 11] p= 0
445. [0, 8, 10] p= 0
446. [0, 8, 9] p= 0
447. [0, 8, 8] p= 0
448. [0, 7, 13] p= 0
449. [0, 7, 12] p= 0
450. [0, 7, 11] p= 0
451. [0, 7, 10] p= 0
452. [0, 7, 9] p= 0
453. [0, 7, 8] p= 0
454. [0, 7, 7] p= 0
455. [0, 6, 13] p= 0
456. [0, 6, 12] p= 0
457. [0, 6, 11] p= 0
458. [0, 6, 10] p= 0
459. [0, 6, 9] p= 0
460. [0, 6, 8] p= 0
461. [0, 6, 7] p= 0
462. [0, 5, 13] p= 0
463. [0, 5, 12] p= 0
464. [0, 5, 11] p= 0
465. [0, 5, 10] p= 0
466. [0, 5, 9] p= 0
467. [0, 5, 8] p= 0
468. [0, 5, 7] p= 0
469. [0, 5, 6] p= 0
470. [0, 4, 13] p= 0
471. [0, 4, 12] p= 0
472. [0, 4, 11] p= 0
473. [0, 4, 10] p= 0
474. [0, 4, 9] p= 0
475. [0, 4, 5] p= 0
476. [0, 4, 4] p= 0
477. [0, 3, 13] p= 0
478. [0, 3, 12] p= 0
479. [0, 3, 11] p= 0
480. [0, 3, 10] p= 0
481. [0, 3, 9] p= 0
482. [0, 3, 7] p= 0
483. [0, 3, 6] p= 0
484. [0, 3, 5] p= 0
485. [0, 3, 4] p= 0
486. [0, 3, 3] p= 0
487. [0, 2, 13] p= 0
488. [0, 2, 12] p= 0
489. [0, 2, 11] p= 0
490. [0, 2, 10] p= 0
491. [0, 2, 9] p= 0
492. [0, 2, 6] p= 0
493. [0, 2, 5] p= 0
494. [0, 2, 4] p= 0
495. [0, 2, 3] p= 0
496. [0, 2, 2] p= 0
497. [0, 1, 13] p= 0
498. [0, 1, 12] p= 0
499. [0, 1, 11] p= 0
500. [0, 1, 10] p= 0
501. [0, 1, 9] p= 0
502. [0, 1, 8] p= 0
503. [0, 1, 7] p= 0
504. [0, 1, 6] p= 0
505. [0, 1, 5] p= 0
506. [0, 1, 4] p= 0
507. [0, 1, 3] p= 0
508. [0, 1, 2] p= 0
509. [0, 1, 1] p= 0
510. [0, 0, 13] p= 0
511. [0, 0, 12] p= 0
512. [0, 0, 11] p= 0
513. [0, 0, 6] p= 0
514. [0, 0, 5] p= 0
515. [0, 0, 4] p= 0
516. [0, 0, 3] p= 0
517. [0, 0, 2] p= 0
518. [0, 0, 1] p= 0
519. [0, 0, 0] p= 0